,fold0_variance,fold0_old_variance,fold0_random,fold0_uncertainty,fold0_old_uncertainty,fold1_variance,fold1_old_variance,fold1_random,fold1_uncertainty,fold1_old_uncertainty,fold2_variance,fold2_old_variance
1,"[240, 337, 407, 159, 751, 369, 474, 638]","[240, 337, 407, 159, 751, 369, 474, 638]","[793, 146, 326, 407, 465, 338, 475, 276]","[259, 87, 569, 427, 511, 79, 278, 73]","[259, 87, 569, 427, 511, 79, 278, 73]","[192, 550, 353, 16, 59, 505, 116, 442]","[192, 550, 353, 16, 59, 505, 116, 442]","[792, 148, 325, 413, 471, 344, 481, 269]","[721, 401, 654, 211, 534, 744, 239, 91]","[721, 401, 654, 211, 534, 744, 239, 91]","[603, 49, 421, 523, 432, 403, 197, 703]","[603, 49, 421, 523, 432, 403, 197, 703]"
2,"[102, 746, 61, 517, 616, 333, 18, 267]","[102, 746, 61, 517, 616, 333, 18, 267]","[172, 569, 326, 628, 756, 26, 96, 586]","[237, 750, 605, 323, 541, 582, 523, 59]","[237, 750, 605, 323, 541, 582, 523, 59]","[192, 520, 104, 442, 508, 548, 244, 559]","[192, 520, 104, 442, 508, 548, 244, 559]","[174, 562, 325, 634, 752, 29, 92, 589]","[690, 604, 33, 425, 535, 158, 694, 12]","[690, 604, 33, 425, 535, 158, 694, 12]","[92, 391, 203, 628, 239, 741, 275, 750]","[92, 391, 203, 628, 239, 741, 275, 750]"
3,"[186, 136, 12, 213, 572, 15, 354, 790]","[186, 136, 12, 213, 572, 15, 354, 790]","[172, 222, 326, 628, 792, 354, 584, 586]","[782, 739, 710, 450, 380, 358, 688, 630]","[782, 739, 710, 450, 380, 358, 688, 630]","[484, 563, 476, 591, 355, 192, 511, 753]","[484, 563, 476, 591, 192, 355, 511, 753]","[174, 223, 325, 634, 793, 352, 588, 589]","[457, 659, 95, 504, 628, 225, 193, 462]","[457, 659, 95, 504, 628, 225, 193, 462]","[5, 83, 467, 98, 186, 317, 517, 115]","[5, 83, 467, 98, 186, 317, 517, 115]"
4,"[119, 579, 12, 102, 749, 525, 186, 427]","[119, 579, 12, 102, 749, 525, 186, 427]","[82, 653, 326, 266, 376, 406, 687, 608]","[373, 664, 718, 369, 167, 53, 12, 491]","[373, 664, 718, 369, 167, 53, 12, 491]","[591, 138, 662, 694, 326, 203, 506, 315]","[591, 138, 662, 694, 326, 203, 506, 315]","[77, 641, 325, 264, 378, 398, 688, 615]","[12, 107, 554, 20, 453, 279, 717, 120]","[12, 107, 554, 20, 453, 279, 717, 120]","[738, 624, 671, 190, 194, 742, 136, 385]","[738, 624, 671, 190, 194, 742, 136, 385]"
5,"[17, 536, 313, 579, 682, 167, 12, 493]","[17, 536, 313, 579, 682, 167, 12, 493]","[710, 678, 326, 565, 695, 200, 160, 428]","[550, 382, 175, 159, 660, 303, 478, 171]","[550, 382, 175, 159, 660, 303, 478, 171]","[208, 505, 140, 326, 278, 717, 304, 16]","[505, 208, 140, 326, 278, 717, 304, 16]","[708, 675, 325, 569, 697, 200, 161, 434]","[475, 406, 16, 717, 292, 287, 63, 359]","[475, 406, 16, 717, 292, 287, 63, 359]","[404, 344, 173, 414, 634, 31, 53, 666]","[404, 344, 173, 414, 634, 31, 53, 666]"
6,"[579, 304, 12, 749, 746, 662, 5, 119]","[579, 304, 12, 749, 746, 662, 5, 119]","[188, 144, 326, 161, 728, 669, 214, 65]","[779, 320, 719, 537, 187, 196, 72, 662]","[779, 320, 719, 537, 187, 196, 72, 662]","[279, 759, 756, 513, 208, 68, 31, 379]","[279, 759, 756, 513, 208, 68, 31, 379]","[187, 146, 325, 160, 733, 657, 208, 69]","[683, 203, 653, 120, 431, 78, 590, 104]","[683, 203, 653, 431, 78, 590, 104, 689]","[279, 127, 8, 12, 529, 521, 765, 52]","[279, 127, 8, 12, 529, 521, 765, 52]"
7,"[339, 12, 419, 746, 537, 17, 382, 351]","[339, 12, 419, 746, 17, 537, 382, 351]","[739, 680, 413, 440, 95, 491, 662, 27]","[332, 349, 423, 21, 632, 769, 71, 553]","[332, 349, 423, 21, 632, 769, 71, 553]","[548, 23, 230, 479, 454, 685, 192, 369]","[548, 192, 23, 230, 479, 454, 685, 369]","[721, 679, 409, 437, 99, 500, 667, 31]","[73, 244, 694, 626, 148, 202, 350, 675]","[175, 622, 21, 442, 770, 565, 336, 625]","[727, 691, 553, 670, 121, 165, 148, 598]","[727, 691, 553, 670, 121, 165, 148, 598]"
8,"[89, 19, 12, 724, 125, 104, 558, 54]","[89, 19, 12, 724, 125, 104, 558, 54]","[739, 680, 413, 440, 95, 491, 662, 27]","[186, 318, 682, 540, 348, 342, 656, 735]","[186, 318, 682, 540, 348, 342, 656, 735]","[479, 16, 208, 591, 225, 514, 382, 195]","[479, 16, 208, 591, 225, 514, 382, 195]","[721, 679, 409, 437, 99, 500, 667, 31]","[641, 479, 502, 533, 561, 313, 686, 27]","[139, 647, 60, 130, 356, 100, 553, 420]","[727, 113, 611, 292, 178, 457, 118, 119]","[727, 113, 611, 292, 178, 457, 118, 119]"
9,"[89, 180, 12, 125, 397, 104, 579, 656]","[89, 180, 12, 125, 397, 104, 579, 656]","[739, 775, 413, 440, 49, 93, 448, 27]","[62, 20, 441, 157, 551, 267, 355, 562]","[62, 20, 441, 157, 551, 267, 355, 562]","[364, 292, 16, 63, 591, 45, 732, 394]","[364, 292, 16, 192, 63, 591, 45, 732]","[721, 768, 409, 437, 45, 89, 452, 31]","[135, 60, 653, 335, 76, 223, 442, 214]","[21, 286, 314, 60, 345, 676, 280, 335]","[727, 460, 499, 779, 649, 94, 178, 259]","[727, 460, 499, 779, 649, 94, 178, 259]"
10,"[114, 68, 206, 133, 118, 132, 530, 389]","[114, 68, 206, 133, 118, 132, 530, 12]","[58, 572, 159, 470, 798, 21, 324, 441]","[129, 738, 406, 194, 781, 616, 177, 162]","[129, 738, 406, 194, 781, 616, 177, 162]","[427, 161, 16, 12, 355, 425, 701, 591]","[427, 16, 701, 591, 92, 355, 161, 263]","[55, 575, 159, 476, 799, 24, 324, 446]","[60, 123, 47, 45, 508, 477, 150, 38]","[520, 151, 553, 757, 106, 87, 742, 692]","[315, 134, 361, 156, 91, 171, 406, 60]","[315, 134, 361, 156, 91, 171, 406, 60]"
11,"[24, 32, 758, 211, 7, 771, 783, 110]","[7, 758, 180, 296, 488, 32, 359, 681]","[535, 696, 159, 470, 29, 243, 195, 752]","[227, 386, 347, 342, 739, 289, 208, 226]","[227, 386, 347, 739, 342, 289, 208, 226]","[16, 382, 161, 225, 87, 23, 670, 320]","[16, 225, 320, 506, 626, 38, 412, 591]","[538, 690, 159, 476, 17, 248, 198, 761]","[664, 452, 39, 462, 371, 152, 164, 327]","[218, 698, 688, 625, 626, 284, 488, 462]","[767, 795, 727, 763, 171, 318, 134, 41]","[767, 795, 727, 521, 763, 171, 318, 134]"
12,"[15, 24, 12, 798, 559, 72, 694, 398]","[24, 60, 7, 510, 520, 783, 196, 443]","[535, 696, 159, 470, 29, 243, 195, 752]","[708, 360, 327, 591, 664, 443, 262, 493]","[708, 360, 327, 591, 664, 443, 262, 493]","[537, 626, 12, 670, 91, 497, 591, 574]","[23, 161, 382, 782, 537, 12, 485, 539]","[538, 690, 159, 476, 17, 248, 198, 761]","[770, 683, 93, 374, 140, 74, 60, 152]","[439, 146, 604, 266, 301, 748, 545, 47]","[515, 113, 130, 560, 118, 794, 518, 649]","[783, 595, 515, 404, 560, 584, 436, 472]"
13,"[301, 491, 417, 687, 93, 143, 106, 681]","[60, 579, 742, 64, 196, 647, 728, 722]","[535, 696, 159, 470, 29, 243, 195, 752]","[771, 361, 671, 54, 493, 742, 166, 186]","[771, 361, 671, 54, 742, 166, 186, 449]","[192, 782, 474, 225, 24, 746, 345, 778]","[746, 12, 778, 782, 625, 770, 217, 539]","[538, 690, 159, 476, 17, 248, 198, 761]","[392, 420, 369, 250, 536, 662, 626, 68]","[186, 755, 20, 457, 474, 565, 497, 74]","[753, 12, 787, 767, 515, 493, 613, 361]","[113, 515, 535, 200, 486, 545, 595, 436]"
14,"[54, 728, 671, 681, 359, 778, 7, 511]","[511, 625, 647, 231, 24, 32, 301, 681]","[767, 506, 115, 618, 78, 308, 108, 617]","[603, 224, 472, 228, 175, 498, 74, 299]","[552, 342, 471, 175, 224, 365, 498, 463]","[719, 412, 691, 502, 500, 746, 196, 721]","[791, 746, 165, 719, 197, 500, 537, 91]","[760, 510, 115, 623, 72, 302, 106, 620]","[285, 212, 83, 794, 215, 609, 74, 279]","[626, 369, 174, 326, 625, 230, 186, 145]","[280, 545, 535, 111, 113, 619, 683, 493]","[486, 331, 736, 595, 659, 141, 17, 168]"
15,"[540, 681, 365, 671, 771, 255, 632, 737]","[365, 642, 117, 687, 679, 441, 342, 308]","[431, 262, 115, 618, 264, 145, 515, 617]","[773, 153, 669, 279, 554, 498, 196, 408]","[732, 511, 638, 139, 669, 658, 564, 53]","[52, 791, 778, 208, 299, 263, 116, 449]","[208, 474, 12, 500, 225, 116, 413, 374]","[424, 259, 115, 623, 265, 147, 517, 620]","[378, 68, 109, 718, 777, 741, 106, 223]","[606, 31, 208, 225, 725, 662, 186, 565]","[729, 709, 290, 431, 0, 535, 112, 154]","[113, 141, 396, 595, 295, 582, 118, 17]"
16,"[498, 60, 103, 681, 781, 108, 244, 32]","[642, 724, 671, 338, 740, 405, 64, 361]","[641, 85, 589, 345, 99, 174, 150, 619]","[741, 370, 742, 645, 153, 503, 567, 511]","[158, 10, 489, 773, 244, 49, 153, 717]","[778, 770, 263, 782, 7, 217, 346, 155]","[750, 639, 717, 449, 110, 208, 676, 4]","[635, 90, 591, 338, 101, 176, 141, 624]","[474, 639, 207, 463, 349, 611, 43, 233]","[428, 609, 750, 285, 326, 707, 111, 282]","[729, 659, 141, 140, 354, 290, 12, 571]","[560, 729, 72, 331, 448, 130, 141, 535]"
17,"[342, 540, 442, 368, 36, 240, 280, 414]","[778, 671, 348, 395, 240, 222, 628, 771]","[16, 591, 589, 345, 19, 231, 569, 22]","[755, 419, 53, 564, 325, 373, 30, 508]","[30, 53, 281, 737, 343, 189, 244, 798]","[346, 178, 165, 161, 500, 227, 324, 483]","[263, 161, 442, 750, 497, 449, 457, 193]","[13, 597, 591, 338, 23, 237, 562, 25]","[336, 693, 97, 537, 394, 278, 175, 98]","[522, 391, 613, 672, 604, 497, 508, 449]","[272, 141, 783, 111, 531, 9, 228, 486]","[683, 141, 736, 0, 174, 17, 280, 318]"
18,"[498, 187, 182, 647, 559, 689, 231, 671]","[681, 338, 476, 365, 196, 642, 675, 435]","[16, 591, 589, 345, 19, 231, 569, 22]","[569, 210, 119, 436, 552, 735, 58, 603]","[786, 55, 255, 728, 391, 755, 518, 697]","[165, 174, 721, 466, 497, 346, 280, 717]","[36, 346, 165, 708, 494, 497, 574, 466]","[13, 597, 591, 338, 23, 237, 562, 25]","[784, 344, 55, 87, 232, 4, 181, 781]","[230, 576, 770, 604, 61, 607, 413, 285]","[195, 41, 557, 613, 486, 729, 168, 121]","[141, 683, 41, 121, 215, 12, 649, 269]"
19,"[494, 200, 342, 786, 113, 260, 121, 74]","[255, 365, 671, 681, 36, 771, 488, 502]","[283, 724, 589, 345, 691, 768, 62, 22]","[477, 113, 231, 638, 415, 278, 471, 402]","[723, 325, 664, 54, 373, 554, 60, 383]","[521, 698, 390, 310, 416, 539, 506, 92]","[263, 350, 750, 118, 184, 38, 390, 109]","[276, 728, 591, 338, 693, 765, 61, 25]","[513, 548, 484, 94, 502, 606, 420, 163]","[664, 553, 376, 748, 555, 120, 625, 491]","[557, 734, 493, 19, 494, 255, 483, 39]","[17, 154, 391, 12, 331, 290, 574, 767]"
20,"[200, 211, 141, 306, 693, 684, 435, 681]","[731, 442, 54, 104, 435, 398, 533, 502]","[593, 288, 589, 238, 488, 484, 653, 482]","[415, 775, 146, 580, 679, 429, 384, 696]","[595, 498, 313, 54, 741, 366, 474, 776]","[739, 263, 42, 377, 146, 694, 374, 497]","[350, 488, 522, 390, 514, 560, 27, 345]","[601, 279, 591, 230, 493, 492, 641, 491]","[721, 501, 48, 713, 690, 601, 358, 548]","[208, 186, 595, 320, 748, 625, 160, 624]","[36, 251, 200, 591, 478, 361, 362, 133]","[154, 331, 714, 688, 290, 683, 263, 111]"
21,"[559, 471, 200, 643, 739, 129, 786, 229]","[54, 476, 778, 253, 243, 506, 540, 308]","[593, 553, 589, 238, 744, 465, 751, 482]","[186, 383, 614, 196, 308, 15, 732, 277]","[342, 278, 786, 399, 279, 101, 493, 614]","[208, 741, 497, 496, 757, 694, 639, 225]","[299, 350, 502, 36, 368, 178, 40, 358]","[601, 553, 591, 230, 748, 471, 744, 491]","[537, 368, 690, 394, 670, 520, 202, 721]","[713, 215, 279, 698, 615, 449, 745, 539]","[216, 391, 85, 205, 177, 746, 41, 215]","[331, 714, 41, 39, 683, 688, 40, 354]"
22,"[294, 455, 684, 141, 331, 134, 556, 559]","[476, 684, 724, 505, 307, 551, 699, 778]","[297, 374, 84, 344, 674, 620, 680, 556]","[40, 299, 172, 544, 518, 536, 96, 196]","[126, 408, 565, 343, 415, 186, 54, 9]","[698, 766, 694, 635, 356, 146, 87, 456]","[248, 21, 295, 685, 447, 102, 502, 377]","[303, 362, 81, 334, 668, 625, 679, 558]","[770, 597, 168, 742, 491, 406, 457, 359]","[382, 272, 745, 353, 553, 550, 27, 749]","[41, 560, 584, 215, 653, 683, 216, 781]","[714, 154, 783, 272, 611, 688, 228, 66]"
23,"[435, 628, 737, 221, 365, 129, 731, 595]","[533, 502, 498, 253, 634, 114, 369, 550]","[297, 374, 84, 344, 674, 620, 680, 556]","[297, 415, 15, 658, 93, 278, 729, 474]","[494, 41, 772, 595, 27, 175, 740, 228]","[750, 390, 457, 287, 356, 208, 475, 421]","[514, 217, 146, 441, 135, 346, 87, 463]","[303, 362, 81, 334, 668, 625, 679, 558]","[766, 178, 280, 431, 496, 68, 78, 146]","[18, 777, 697, 748, 656, 719, 743, 497]","[155, 347, 746, 169, 588, 614, 621, 478]","[753, 714, 729, 736, 12, 716, 688, 448]"
24,"[395, 737, 611, 254, 550, 196, 365, 331]","[365, 498, 64, 253, 595, 196, 303, 405]","[613, 187, 152, 30, 301, 695, 485, 104]","[194, 409, 278, 740, 302, 353, 603, 296]","[436, 679, 620, 343, 789, 536, 489, 798]","[750, 60, 36, 339, 287, 514, 698, 744]","[514, 721, 87, 497, 165, 42, 289, 223]","[600, 190, 151, 36, 308, 697, 468, 107]","[500, 353, 543, 550, 52, 782, 339, 572]","[107, 346, 221, 76, 690, 45, 162, 52]","[577, 723, 219, 367, 251, 695, 464, 391]","[331, 688, 729, 391, 557, 332, 609, 493]"
25,"[395, 737, 566, 610, 642, 196, 41, 778]","[681, 671, 565, 798, 786, 375, 163, 632]","[584, 332, 579, 98, 419, 49, 696, 370]","[772, 600, 299, 256, 396, 278, 200, 27]","[159, 24, 429, 742, 790, 737, 278, 606]","[750, 12, 626, 165, 62, 625, 647, 721]","[317, 778, 721, 87, 165, 628, 689, 60]","[588, 336, 567, 93, 415, 45, 690, 374]","[325, 100, 660, 671, 454, 272, 500, 426]","[553, 788, 208, 23, 368, 350, 319, 521]","[667, 39, 13, 231, 59, 590, 125, 40]","[714, 331, 688, 723, 573, 557, 555, 164]"
26,"[395, 566, 642, 211, 75, 562, 650, 441]","[365, 786, 741, 163, 549, 119, 197, 187]","[652, 265, 579, 98, 64, 319, 262, 742]","[196, 463, 55, 40, 5, 137, 186, 62]","[541, 299, 620, 409, 344, 83, 737, 86]","[748, 553, 706, 350, 165, 494, 38, 360]","[778, 514, 670, 479, 721, 263, 50, 622]","[660, 270, 567, 93, 66, 320, 259, 746]","[500, 230, 479, 264, 396, 746, 601, 446]","[604, 263, 118, 446, 146, 577, 221, 605]","[161, 667, 736, 574, 329, 339, 590, 683]","[714, 497, 141, 236, 419, 493, 125, 496]"
27,"[408, 335, 679, 365, 62, 642, 83, 671]","[211, 163, 417, 197, 421, 119, 701, 166]","[160, 640, 579, 98, 284, 78, 217, 742]","[45, 273, 595, 63, 697, 214, 173, 443]","[361, 471, 533, 86, 620, 415, 409, 772]","[36, 553, 182, 550, 358, 102, 748, 38]","[60, 331, 715, 728, 483, 27, 496, 416]","[161, 646, 567, 93, 289, 72, 219, 746]","[196, 68, 777, 217, 364, 442, 757, 87]","[494, 692, 614, 18, 319, 186, 163, 470]","[665, 318, 125, 161, 791, 134, 231, 736]","[125, 493, 215, 740, 99, 140, 557, 438]"
28,"[365, 153, 791, 132, 450, 684, 733, 196]","[163, 365, 673, 350, 197, 681, 471, 763]","[214, 292, 579, 580, 659, 264, 85, 772]","[595, 383, 614, 735, 463, 561, 741, 277]","[620, 83, 24, 778, 525, 230, 256, 791]","[413, 27, 442, 121, 439, 184, 350, 4]","[94, 60, 721, 491, 479, 50, 555, 126]","[208, 296, 567, 585, 653, 265, 90, 774]","[494, 87, 782, 230, 492, 512, 284, 466]","[263, 472, 267, 508, 225, 501, 470, 374]","[448, 702, 112, 40, 334, 708, 329, 154]","[748, 41, 557, 138, 112, 36, 702, 497]"
29,"[368, 731, 563, 733, 365, 628, 153, 629]","[163, 350, 351, 257, 732, 369, 365, 450]","[448, 510, 579, 166, 395, 131, 591, 379]","[429, 24, 139, 783, 595, 388, 776, 126]","[143, 620, 123, 221, 614, 569, 31, 85]","[60, 647, 193, 560, 217, 118, 685, 754]","[721, 757, 111, 698, 254, 50, 491, 356]","[452, 498, 567, 166, 401, 131, 597, 377]","[450, 178, 778, 48, 749, 721, 62, 491]","[309, 36, 664, 520, 120, 485, 647, 743]","[18, 244, 339, 407, 424, 72, 125, 318]","[16, 424, 530, 702, 606, 177, 516, 138]"
30,"[778, 708, 506, 485, 755, 311, 405, 673]","[368, 163, 628, 350, 365, 673, 459, 15]","[448, 255, 579, 166, 409, 99, 591, 379]","[186, 134, 130, 84, 357, 299, 489, 277]","[270, 421, 649, 367, 345, 278, 210, 9]","[350, 134, 465, 390, 197, 215, 676, 368]","[754, 497, 121, 377, 698, 534, 87, 165]","[452, 261, 567, 166, 420, 101, 597, 377]","[420, 222, 778, 68, 326, 494, 555, 133]","[647, 278, 605, 83, 698, 221, 743, 438]","[391, 481, 332, 91, 84, 141, 125, 101]","[335, 787, 19, 83, 557, 622, 736, 367]"
31,"[365, 673, 2, 480, 311, 776, 791, 488]","[673, 672, 491, 365, 350, 494, 485, 711]","[448, 450, 579, 166, 418, 436, 591, 379]","[158, 728, 85, 57, 603, 561, 545, 714]","[511, 308, 64, 343, 494, 342, 762, 2]","[754, 749, 15, 647, 465, 491, 394, 605]","[754, 698, 121, 694, 165, 266, 748, 230]","[452, 454, 567, 166, 414, 438, 597, 377]","[764, 631, 310, 578, 219, 184, 721, 605]","[23, 68, 749, 479, 483, 685, 390, 377]","[141, 557, 736, 125, 609, 383, 751, 47]","[253, 751, 665, 43, 560, 622, 334, 195]"
32,"[365, 488, 474, 242, 197, 673, 334, 480]","[737, 629, 673, 331, 666, 550, 781, 681]","[729, 45, 579, 657, 684, 488, 724, 39]","[458, 276, 186, 361, 771, 664, 474, 231]","[37, 64, 798, 446, 343, 574, 760, 74]","[797, 495, 463, 186, 656, 344, 435, 715]","[121, 165, 690, 721, 230, 698, 427, 754]","[734, 53, 567, 650, 683, 493, 728, 34]","[326, 521, 140, 631, 69, 566, 277, 700]","[390, 12, 221, 611, 491, 359, 750, 146]","[141, 125, 146, 72, 383, 560, 12, 664]","[13, 590, 483, 746, 702, 329, 347, 153]"
33,"[365, 197, 480, 117, 476, 673, 488, 527]","[684, 488, 280, 737, 342, 243, 480, 331]","[729, 634, 579, 657, 80, 508, 724, 39]","[49, 123, 762, 231, 343, 595, 342, 606]","[161, 580, 343, 706, 178, 83, 728, 278]","[543, 689, 121, 708, 209, 502, 465, 363]","[356, 165, 208, 536, 772, 737, 698, 223]","[734, 643, 567, 650, 83, 512, 728, 34]","[136, 727, 653, 140, 239, 30, 453, 670]","[470, 377, 217, 186, 212, 540, 116, 539]","[138, 460, 141, 688, 444, 736, 482, 75]","[13, 590, 746, 494, 709, 59, 251, 112]"
34,"[86, 476, 737, 405, 375, 132, 724, 480]","[488, 566, 737, 579, 684, 459, 489, 53]","[195, 420, 579, 657, 501, 582, 288, 39]","[342, 574, 117, 454, 494, 453, 795, 128]","[737, 34, 459, 178, 391, 714, 778, 299]","[50, 317, 483, 121, 175, 683, 60, 776]","[165, 679, 70, 207, 497, 506, 344, 140]","[198, 427, 567, 650, 497, 586, 279, 34]","[607, 396, 749, 721, 230, 472, 593, 217]","[96, 339, 185, 68, 197, 698, 639, 181]","[736, 101, 146, 47, 125, 623, 557, 318]","[41, 254, 749, 736, 40, 169, 145, 534]"
35,"[488, 587, 474, 666, 351, 385, 763, 731]","[566, 53, 791, 488, 650, 86, 350, 502]","[195, 592, 579, 657, 364, 35, 553, 39]","[609, 790, 729, 786, 357, 343, 791, 737]","[172, 459, 603, 93, 221, 269, 83, 337]","[776, 540, 50, 442, 453, 115, 346, 248]","[165, 382, 685, 174, 661, 521, 247, 713]","[198, 598, 567, 650, 368, 30, 553, 34]","[341, 721, 107, 396, 617, 749, 635, 140]","[382, 540, 769, 588, 222, 406, 774, 685]","[75, 678, 582, 429, 287, 438, 622, 557]","[329, 749, 429, 534, 72, 472, 591, 41]"
36,"[488, 338, 474, 197, 163, 476, 126, 496]","[474, 36, 540, 595, 791, 681, 629, 186]","[195, 670, 579, 657, 258, 674, 553, 39]","[314, 90, 206, 383, 9, 798, 264, 277]","[665, 299, 791, 342, 700, 728, 735, 118]","[783, 488, 677, 346, 248, 36, 587, 553]","[165, 53, 483, 36, 115, 737, 545, 685]","[198, 663, 567, 650, 252, 668, 553, 34]","[361, 434, 342, 566, 689, 180, 102, 274]","[635, 406, 24, 750, 87, 512, 420, 481]","[160, 688, 463, 215, 714, 464, 83, 687]","[41, 577, 383, 588, 219, 469, 355, 169]"
37,"[140, 202, 563, 361, 87, 350, 200, 99]","[595, 334, 488, 737, 664, 368, 559, 132]","[195, 670, 579, 657, 258, 674, 553, 39]","[53, 231, 159, 480, 34, 541, 619, 146]","[299, 453, 654, 778, 540, 282, 573, 478]","[677, 587, 346, 115, 248, 157, 239, 480]","[447, 694, 165, 230, 118, 355, 431, 553]","[198, 663, 567, 650, 252, 668, 553, 34]","[201, 237, 540, 140, 442, 205, 692, 470]","[329, 481, 363, 783, 344, 766, 561, 625]","[66, 688, 463, 335, 622, 534, 138, 254]","[407, 534, 478, 251, 463, 17, 84, 198]"
38,"[350, 171, 338, 303, 489, 351, 99, 610]","[737, 474, 221, 405, 595, 671, 489, 373]","[108, 229, 579, 133, 309, 455, 189, 138]","[49, 767, 480, 336, 664, 159, 335, 221]","[366, 737, 219, 173, 458, 687, 497, 508]","[755, 120, 698, 483, 150, 366, 491, 447]","[39, 749, 776, 442, 506, 58, 52, 62]","[106, 235, 567, 134, 305, 459, 191, 139]","[470, 185, 40, 116, 139, 301, 70, 677]","[278, 544, 361, 263, 326, 382, 685, 346]","[300, 688, 133, 534, 714, 464, 600, 597]","[407, 464, 746, 59, 748, 122, 41, 47]"
39,"[350, 489, 27, 488, 334, 383, 253, 163]","[480, 595, 474, 664, 54, 242, 563, 141]","[146, 0, 579, 12, 363, 541, 227, 307]","[221, 480, 713, 273, 728, 577, 655, 760]","[49, 735, 564, 510, 767, 603, 136, 408]","[248, 483, 698, 480, 720, 748, 581, 555]","[653, 36, 435, 30, 597, 202, 409, 685]","[148, 0, 567, 14, 367, 540, 220, 300]","[278, 605, 87, 737, 117, 438, 615, 367]","[520, 522, 346, 123, 114, 783, 396, 56]","[688, 481, 300, 153, 463, 781, 47, 714]","[362, 463, 250, 684, 748, 146, 791, 195]"
40,"[350, 798, 405, 459, 56, 36, 163, 305]","[595, 566, 218, 186, 480, 196, 334, 684]","[150, 197, 579, 12, 392, 52, 66, 307]","[230, 489, 674, 503, 614, 123, 655, 46]","[609, 704, 741, 696, 63, 308, 713, 353]","[483, 783, 737, 50, 248, 792, 575, 685]","[653, 180, 607, 416, 15, 426, 230, 139]","[141, 199, 567, 14, 397, 49, 64, 300]","[749, 52, 677, 359, 442, 577, 691, 511]","[548, 741, 225, 790, 208, 217, 614, 232]","[153, 481, 300, 688, 611, 534, 474, 497]","[122, 17, 335, 250, 688, 112, 739, 329]"
41,"[587, 563, 305, 334, 307, 350, 767, 383]","[243, 595, 480, 414, 629, 684, 171, 87]","[222, 233, 74, 639, 648, 419, 228, 782]","[474, 494, 282, 786, 741, 342, 73, 367]","[314, 674, 540, 136, 280, 68, 783, 202]","[679, 792, 483, 212, 500, 165, 225, 737]","[442, 534, 479, 175, 115, 502, 61, 540]","[223, 239, 75, 632, 654, 415, 233, 778]","[784, 375, 16, 12, 332, 631, 134, 769]","[152, 749, 258, 727, 520, 774, 363, 540]","[47, 286, 331, 463, 145, 464, 109, 382]","[318, 300, 737, 401, 429, 527, 85, 244]"
42,"[56, 351, 196, 116, 113, 697, 563, 591]","[562, 595, 74, 312, 253, 243, 351, 93]","[62, 456, 74, 639, 239, 180, 269, 782]","[389, 219, 737, 342, 510, 308, 337, 741]","[603, 523, 335, 388, 713, 795, 330, 396]","[558, 737, 721, 248, 483, 350, 754, 792]","[358, 504, 483, 488, 409, 61, 694, 685]","[61, 443, 75, 632, 240, 182, 273, 778]","[363, 219, 68, 131, 377, 658, 617, 237]","[36, 365, 287, 317, 774, 263, 770, 474]","[288, 518, 429, 369, 237, 791, 789, 271]","[255, 300, 748, 667, 483, 215, 740, 83]"
43,"[502, 113, 56, 145, 308, 595, 194, 60]","[595, 587, 305, 243, 452, 132, 242, 564]","[678, 8, 74, 639, 235, 694, 247, 782]","[786, 566, 343, 798, 686, 525, 572, 37]","[206, 63, 215, 463, 151, 701, 511, 544]","[558, 19, 396, 449, 121, 480, 735, 685]","[685, 230, 741, 784, 416, 474, 145, 483]","[675, 7, 75, 632, 225, 696, 241, 778]","[442, 749, 116, 237, 544, 320, 63, 745]","[443, 342, 253, 377, 142, 660, 117, 54]","[724, 737, 215, 702, 600, 261, 516, 212]","[111, 653, 588, 748, 401, 145, 469, 59]"
44,"[502, 196, 168, 351, 116, 595, 587, 53]","[587, 595, 452, 763, 724, 564, 132, 741]","[144, 623, 74, 639, 408, 284, 265, 73]","[640, 457, 63, 766, 2, 478, 593, 367]","[474, 278, 54, 536, 603, 478, 415, 213]","[776, 85, 480, 483, 633, 418, 61, 121]","[685, 442, 278, 390, 776, 209, 698, 253]","[146, 630, 75, 632, 403, 289, 270, 74]","[601, 229, 63, 185, 219, 721, 798, 737]","[601, 737, 123, 718, 575, 87, 778, 548]","[702, 394, 483, 119, 230, 440, 295, 436]","[119, 464, 101, 301, 401, 12, 339, 291]"
45,"[116, 469, 163, 787, 475, 229, 194, 695]","[595, 798, 587, 767, 146, 55, 731, 693]","[680, 703, 74, 101, 780, 659, 640, 323]","[95, 194, 492, 382, 264, 665, 737, 363]","[63, 73, 798, 741, 15, 217, 94, 54]","[121, 61, 480, 359, 797, 248, 266, 627]","[685, 776, 647, 483, 350, 209, 253, 575]","[679, 706, 75, 105, 783, 653, 646, 321]","[416, 737, 118, 236, 631, 361, 705, 284]","[324, 697, 184, 543, 497, 492, 700, 753]","[114, 169, 419, 483, 388, 102, 503, 621]","[459, 474, 237, 340, 300, 789, 195, 12]"
46,"[194, 504, 502, 587, 475, 163, 253, 305]","[595, 587, 243, 408, 253, 186, 36, 481]","[680, 703, 74, 101, 780, 659, 640, 323]","[77, 291, 538, 254, 546, 480, 783, 791]","[342, 678, 63, 429, 618, 134, 593, 603]","[480, 587, 516, 792, 107, 74, 165, 289]","[165, 797, 685, 209, 647, 368, 148, 120]","[679, 706, 75, 105, 783, 653, 646, 321]","[571, 478, 370, 358, 602, 664, 178, 496]","[324, 103, 783, 408, 700, 174, 522, 223]","[331, 567, 496, 114, 237, 212, 199, 282]","[13, 237, 12, 101, 632, 431, 339, 469]"
47,"[595, 182, 95, 163, 565, 116, 647, 62]","[595, 587, 395, 75, 556, 333, 579, 49]","[680, 703, 74, 101, 536, 395, 640, 323]","[409, 123, 566, 197, 786, 780, 573, 713]","[95, 100, 655, 614, 60, 640, 697, 511]","[389, 171, 76, 643, 136, 165, 409, 346]","[165, 685, 350, 494, 698, 394, 633, 483]","[679, 706, 75, 105, 534, 401, 646, 321]","[130, 96, 145, 68, 677, 56, 308, 719]","[685, 108, 522, 262, 123, 239, 225, 408]","[215, 250, 41, 506, 746, 154, 714, 109]","[632, 47, 791, 699, 237, 498, 12, 401]"
48,"[373, 587, 116, 474, 53, 273, 194, 724]","[595, 563, 731, 556, 774, 168, 134, 395]","[775, 796, 74, 101, 597, 409, 292, 323]","[136, 194, 652, 382, 54, 740, 264, 414]","[566, 63, 153, 264, 472, 721, 429, 352]","[107, 171, 772, 792, 213, 165, 718, 522]","[685, 165, 389, 394, 670, 278, 146, 698]","[768, 797, 75, 105, 604, 420, 296, 321]","[721, 63, 263, 527, 48, 737, 0, 118]","[529, 495, 40, 522, 560, 451, 502, 324]","[748, 114, 713, 212, 13, 340, 483, 329]","[91, 708, 12, 741, 300, 237, 340, 748]"
49,"[243, 610, 26, 201, 194, 228, 513, 475]","[595, 688, 664, 145, 684, 724, 117, 289]","[572, 689, 74, 101, 570, 221, 63, 323]","[122, 655, 54, 588, 176, 343, 710, 194]","[465, 64, 511, 347, 382, 783, 540, 57]","[213, 601, 784, 264, 83, 597, 209, 792]","[350, 483, 685, 146, 633, 121, 339, 278]","[575, 685, 75, 105, 563, 217, 63, 321]","[671, 63, 273, 263, 32, 58, 0, 725]","[458, 416, 792, 265, 527, 550, 539, 202]","[13, 340, 117, 122, 675, 748, 114, 600]","[667, 632, 352, 359, 340, 117, 699, 734]"
50,"[595, 194, 279, 169, 698, 182, 475, 459]","[595, 474, 597, 63, 30, 559, 684, 41]","[572, 689, 74, 101, 570, 221, 63, 323]","[408, 773, 54, 110, 566, 194, 674, 343]","[85, 739, 122, 68, 511, 535, 791, 110]","[180, 346, 728, 303, 788, 168, 178, 527]","[483, 350, 685, 698, 248, 121, 287, 127]","[575, 685, 75, 105, 563, 217, 63, 321]","[637, 324, 48, 370, 565, 551, 416, 16]","[133, 246, 146, 56, 653, 597, 367, 485]","[117, 300, 237, 441, 472, 352, 737, 734]","[632, 288, 739, 464, 638, 47, 352, 663]"
51,"[595, 383, 698, 475, 724, 152, 194, 26]","[595, 83, 56, 733, 270, 243, 479, 511]","[485, 590, 74, 101, 380, 24, 675, 635]","[446, 343, 674, 445, 176, 710, 728, 699]","[538, 474, 699, 739, 84, 572, 110, 540]","[303, 377, 139, 165, 553, 346, 479, 692]","[350, 685, 647, 121, 698, 550, 178, 721]","[468, 593, 75, 105, 380, 27, 686, 626]","[324, 20, 671, 58, 48, 59, 737, 309]","[621, 778, 614, 56, 68, 324, 43, 792]","[713, 273, 135, 117, 61, 340, 202, 650]","[632, 161, 237, 198, 464, 741, 125, 739]"
52,"[595, 383, 278, 253, 459, 194, 714, 182]","[595, 774, 113, 470, 513, 110, 211, 363]","[485, 735, 74, 101, 162, 471, 675, 635]","[319, 66, 700, 696, 648, 447, 194, 795]","[85, 492, 176, 112, 540, 347, 561, 573]","[303, 788, 692, 593, 500, 238, 628, 32]","[797, 442, 363, 474, 107, 685, 597, 540]","[468, 740, 75, 105, 163, 477, 686, 626]","[317, 442, 278, 13, 377, 568, 597, 520]","[136, 68, 108, 324, 633, 36, 642, 502]","[650, 17, 472, 224, 483, 774, 401, 440]","[91, 237, 741, 418, 469, 359, 125, 178]"
53,"[270, 595, 253, 373, 584, 168, 724, 383]","[595, 789, 194, 86, 218, 579, 228, 459]","[506, 789, 74, 101, 202, 80, 420, 726]","[618, 798, 136, 302, 793, 600, 31, 778]","[786, 77, 603, 63, 739, 488, 540, 174]","[698, 303, 420, 464, 786, 312, 165, 601]","[797, 685, 698, 474, 350, 537, 391, 310]","[510, 788, 75, 105, 205, 83, 427, 718]","[394, 749, 265, 397, 41, 87, 735, 230]","[287, 135, 146, 685, 173, 87, 393, 633]","[17, 282, 117, 340, 483, 401, 650, 188]","[153, 483, 161, 689, 708, 781, 469, 291]"
54,"[194, 595, 253, 79, 386, 619, 609, 278]","[595, 724, 452, 218, 141, 253, 671, 579]","[506, 789, 74, 101, 202, 80, 420, 726]","[194, 100, 786, 687, 327, 57, 264, 589]","[40, 445, 795, 478, 786, 603, 732, 535]","[118, 391, 777, 319, 609, 698, 462, 605]","[182, 303, 737, 677, 421, 663, 509, 359]","[510, 788, 75, 105, 205, 83, 427, 718]","[230, 743, 749, 219, 278, 408, 18, 416]","[118, 578, 409, 572, 420, 614, 196, 685]","[117, 17, 135, 675, 472, 24, 109, 61]","[125, 689, 632, 714, 303, 39, 469, 91]"
55,"[688, 527, 459, 363, 698, 194, 416, 742]","[595, 579, 201, 619, 798, 253, 113, 592]","[217, 33, 74, 533, 296, 501, 229, 771]","[698, 737, 655, 366, 194, 244, 168, 404]","[480, 367, 175, 540, 549, 786, 509, 640]","[165, 319, 720, 538, 462, 576, 0, 797]","[248, 749, 577, 781, 360, 500, 131, 797]","[219, 21, 75, 531, 293, 497, 235, 767]","[63, 219, 749, 56, 408, 310, 324, 16]","[118, 764, 390, 674, 70, 409, 670, 74]","[675, 117, 472, 518, 154, 359, 663, 198]","[125, 464, 171, 311, 689, 102, 412, 188]"
56,"[475, 64, 698, 360, 194, 447, 186, 724]","[595, 194, 445, 475, 30, 470, 584, 242]","[217, 33, 74, 533, 296, 501, 229, 771]","[786, 710, 360, 714, 402, 168, 445, 595]","[409, 66, 535, 786, 0, 686, 63, 636]","[749, 209, 120, 165, 711, 601, 350, 446]","[248, 107, 38, 360, 534, 278, 748, 118]","[219, 21, 75, 531, 293, 497, 235, 767]","[497, 324, 18, 778, 671, 568, 755, 370]","[677, 247, 221, 749, 326, 361, 774, 370]","[652, 17, 137, 675, 662, 388, 699, 24]","[271, 689, 600, 125, 789, 737, 714, 455]"
57,"[698, 64, 475, 194, 584, 229, 383, 334]","[194, 595, 445, 475, 119, 579, 152, 218]","[591, 31, 127, 587, 453, 258, 197, 723]","[54, 786, 737, 778, 229, 614, 674, 697]","[636, 518, 535, 176, 330, 480, 511, 429]","[281, 675, 409, 597, 749, 447, 653, 774]","[248, 763, 85, 360, 476, 118, 202, 321]","[597, 37, 127, 590, 457, 252, 199, 717]","[120, 263, 663, 677, 63, 116, 265, 737]","[6, 633, 324, 755, 603, 116, 126, 488]","[17, 632, 122, 652, 63, 731, 734, 41]","[180, 178, 781, 215, 160, 444, 741, 483]"
58,"[698, 194, 595, 281, 64, 384, 709, 348]","[194, 475, 595, 30, 582, 733, 579, 664]","[724, 7, 507, 142, 656, 286, 141, 208]","[352, 189, 409, 511, 63, 391, 704, 698]","[9, 697, 577, 176, 535, 527, 198, 112]","[303, 653, 781, 281, 633, 165, 6, 777]","[321, 114, 248, 623, 773, 766, 225, 409]","[728, 5, 511, 144, 662, 278, 143, 212]","[174, 737, 783, 735, 671, 63, 265, 527]","[772, 115, 670, 633, 478, 0, 637, 246]","[632, 662, 198, 17, 137, 483, 396, 608]","[483, 632, 614, 689, 741, 146, 61, 329]"
59,"[478, 194, 772, 595, 475, 569, 176, 481]","[194, 595, 278, 475, 242, 698, 335, 176]","[189, 406, 671, 746, 621, 665, 8, 614]","[152, 98, 176, 342, 380, 54, 382, 280]","[652, 139, 112, 176, 277, 624, 478, 511]","[281, 774, 481, 165, 588, 553, 633, 39]","[615, 715, 360, 239, 572, 601, 722, 439]","[191, 398, 665, 750, 628, 655, 7, 618]","[597, 737, 308, 755, 603, 735, 16, 246]","[464, 642, 264, 721, 326, 275, 219, 494]","[469, 154, 528, 263, 137, 522, 174, 635]","[109, 61, 483, 748, 689, 215, 632, 464]"
60,"[194, 218, 595, 549, 30, 510, 699, 176]","[595, 698, 194, 475, 242, 168, 787, 587]","[189, 406, 671, 746, 67, 665, 8, 614]","[693, 159, 786, 399, 573, 194, 533, 168]","[732, 786, 419, 739, 546, 697, 382, 488]","[223, 695, 492, 18, 359, 434, 553, 165]","[601, 261, 744, 406, 626, 238, 465, 303]","[191, 398, 665, 750, 65, 655, 7, 618]","[69, 114, 786, 671, 497, 370, 721, 218]","[277, 390, 310, 341, 39, 326, 686, 421]","[469, 154, 518, 632, 792, 483, 708, 786]","[215, 282, 724, 483, 632, 595, 61, 759]"
61,"[218, 194, 475, 445, 579, 30, 595, 176]","[253, 698, 383, 579, 733, 186, 172, 584]","[189, 406, 671, 746, 67, 665, 8, 614]","[229, 533, 791, 281, 257, 342, 786, 194]","[63, 729, 488, 9, 291, 58, 489, 54]","[695, 625, 774, 597, 253, 223, 553, 20]","[361, 433, 720, 681, 797, 656, 120, 601]","[191, 398, 665, 750, 65, 655, 7, 618]","[507, 278, 61, 734, 131, 737, 63, 356]","[409, 0, 402, 586, 116, 358, 146, 529]","[61, 237, 632, 564, 174, 301, 748, 483]","[595, 689, 204, 724, 552, 688, 181, 734]"
62,"[218, 194, 475, 30, 445, 595, 664, 579]","[194, 698, 30, 186, 279, 475, 113, 129]","[227, 200, 671, 314, 480, 210, 242, 343]","[360, 112, 478, 229, 342, 429, 786, 791]","[489, 474, 117, 63, 779, 112, 786, 741]","[209, 616, 725, 643, 158, 761, 283, 481]","[264, 361, 597, 480, 420, 609, 633, 605]","[220, 200, 665, 316, 485, 213, 247, 347]","[61, 527, 263, 746, 546, 6, 721, 23]","[134, 118, 721, 671, 4, 11, 677, 275]","[61, 237, 469, 528, 522, 96, 154, 250]","[329, 359, 632, 475, 180, 472, 335, 117]"
63,"[194, 595, 218, 383, 186, 478, 701, 556]","[194, 229, 129, 475, 311, 754, 221, 798]","[66, 669, 671, 799, 59, 77, 623, 557]","[342, 360, 739, 60, 98, 84, 257, 706]","[456, 347, 664, 454, 133, 254, 63, 77]","[123, 529, 633, 538, 209, 283, 303, 660]","[516, 272, 739, 480, 482, 303, 248, 705]","[64, 657, 665, 798, 59, 79, 630, 559]","[772, 273, 527, 770, 394, 183, 442, 174]","[308, 614, 755, 625, 120, 126, 631, 623]","[469, 700, 522, 632, 661, 573, 237, 327]","[483, 774, 688, 391, 329, 741, 359, 652]"
64,"[194, 457, 218, 464, 719, 56, 253, 470]","[194, 116, 218, 459, 754, 481, 383, 471]","[269, 93, 671, 799, 54, 235, 796, 522]","[98, 335, 9, 229, 194, 63, 176, 786]","[739, 382, 347, 600, 181, 519, 0, 277]","[123, 163, 698, 272, 209, 361, 529, 428]","[797, 786, 692, 465, 749, 116, 118, 634]","[273, 89, 665, 798, 51, 225, 797, 522]","[120, 790, 56, 565, 247, 267, 614, 394]","[118, 126, 534, 585, 614, 223, 794, 62]","[469, 500, 692, 364, 90, 632, 480, 431]","[359, 154, 536, 741, 329, 689, 236, 483]"
65,"[194, 218, 566, 573, 618, 464, 84, 481]","[698, 194, 153, 478, 116, 791, 475, 229]","[373, 257, 61, 496, 549, 89, 689, 20]","[791, 213, 529, 527, 603, 63, 786, 540]","[711, 768, 447, 84, 96, 302, 277, 382]","[774, 692, 465, 597, 606, 319, 11, 790]","[797, 390, 480, 671, 118, 465, 420, 589]","[376, 262, 62, 501, 548, 86, 685, 15]","[508, 534, 58, 507, 497, 633, 262, 780]","[601, 721, 230, 15, 625, 675, 755, 568]","[469, 797, 632, 504, 522, 229, 552, 117]","[359, 354, 329, 174, 109, 391, 741, 91]"
66,"[194, 464, 482, 798, 711, 595, 672, 490]","[194, 153, 698, 475, 260, 119, 128, 579]","[640, 243, 192, 603, 421, 780, 140, 371]","[527, 342, 603, 60, 0, 474, 793, 791]","[77, 277, 535, 465, 693, 791, 383, 768]","[581, 232, 339, 375, 465, 745, 721, 78]","[480, 558, 797, 303, 515, 633, 19, 507]","[646, 248, 195, 607, 428, 783, 142, 375]","[389, 451, 0, 586, 633, 786, 377, 497]","[102, 246, 435, 728, 454, 115, 94, 614]","[108, 265, 605, 632, 740, 699, 102, 25]","[329, 331, 662, 391, 559, 335, 688, 5]"
67,"[595, 664, 723, 208, 230, 175, 754, 507]","[579, 242, 791, 194, 278, 697, 311, 253]","[292, 145, 730, 367, 498, 597, 113, 538]","[488, 497, 168, 478, 527, 229, 0, 342]","[729, 739, 577, 347, 488, 17, 549, 462]","[481, 485, 465, 131, 761, 135, 108, 319]","[558, 480, 462, 474, 721, 341, 171, 393]","[296, 147, 719, 355, 490, 604, 114, 543]","[749, 700, 370, 637, 755, 16, 458, 692]","[375, 458, 721, 671, 68, 278, 219, 685]","[632, 740, 333, 526, 531, 652, 739, 561]","[689, 559, 115, 331, 354, 282, 91, 112]"
68,"[166, 595, 681, 626, 742, 253, 243, 115]","[579, 242, 478, 253, 194, 569, 475, 278]","[634, 231, 207, 384, 130, 380, 31, 253]","[301, 540, 697, 280, 527, 778, 399, 194]","[488, 257, 181, 404, 9, 327, 529, 793]","[504, 253, 94, 648, 265, 586, 286, 48]","[480, 720, 696, 209, 625, 627, 664, 63]","[643, 237, 209, 386, 130, 380, 37, 255]","[146, 597, 266, 474, 120, 633, 497, 783]","[325, 625, 698, 685, 185, 597, 247, 202]","[359, 632, 306, 267, 210, 526, 739, 418]","[431, 161, 689, 114, 708, 731, 154, 91]"
69,"[595, 551, 198, 100, 243, 49, 629, 567]","[194, 791, 253, 186, 492, 242, 345, 119]","[420, 72, 207, 414, 673, 404, 26, 503]","[298, 63, 603, 363, 17, 18, 194, 344]","[603, 382, 511, 389, 566, 117, 347, 786]","[11, 219, 236, 341, 566, 500, 615, 698]","[576, 597, 232, 476, 83, 715, 643, 784]","[427, 68, 209, 411, 677, 395, 29, 507]","[597, 633, 550, 120, 755, 540, 458, 749]","[247, 364, 671, 219, 464, 625, 721, 485]","[67, 455, 164, 326, 504, 215, 583, 59]","[91, 114, 431, 689, 206, 154, 161, 708]"
70,"[136, 409, 741, 664, 686, 611, 58, 6]","[194, 511, 791, 116, 684, 253, 478, 186]","[420, 768, 207, 414, 540, 467, 7, 503]","[63, 194, 229, 168, 697, 793, 334, 603]","[382, 480, 347, 106, 739, 257, 603, 29]","[382, 219, 538, 303, 370, 643, 589, 659]","[797, 209, 721, 675, 85, 24, 346, 553]","[427, 765, 209, 411, 539, 473, 5, 507]","[497, 783, 120, 672, 409, 265, 614, 370]","[593, 664, 221, 698, 464, 402, 185, 68]","[475, 59, 359, 267, 181, 83, 115, 236]","[431, 689, 161, 154, 329, 47, 91, 481]"
71,"[595, 6, 243, 21, 141, 729, 754, 253]","[194, 791, 116, 511, 176, 385, 478, 617]","[477, 151, 207, 414, 745, 32, 199, 722]","[603, 697, 63, 17, 342, 791, 793, 302]","[739, 68, 18, 617, 614, 17, 181, 589]","[350, 277, 282, 48, 173, 512, 493, 482]","[797, 209, 721, 85, 715, 346, 303, 553]","[482, 153, 209, 411, 738, 38, 197, 727]","[783, 497, 428, 296, 464, 370, 749, 120]","[452, 506, 623, 185, 118, 356, 389, 746]","[401, 359, 180, 99, 735, 741, 82, 504]","[431, 161, 472, 224, 791, 112, 772, 114]"
72,"[243, 519, 253, 595, 111, 541, 740, 464]","[791, 116, 194, 200, 511, 388, 138, 186]","[477, 151, 207, 414, 745, 32, 199, 722]","[603, 0, 697, 63, 589, 363, 454, 382]","[786, 511, 632, 399, 739, 445, 480, 701]","[237, 270, 538, 566, 674, 78, 342, 288]","[797, 643, 303, 721, 695, 221, 85, 553]","[482, 153, 209, 411, 738, 38, 197, 727]","[370, 309, 745, 783, 409, 178, 345, 146]","[185, 671, 746, 358, 63, 737, 16, 68]","[251, 759, 359, 42, 524, 490, 464, 684]","[331, 112, 178, 161, 562, 431, 114, 252]"
73,"[664, 595, 677, 243, 681, 221, 519, 253]","[194, 791, 200, 229, 242, 383, 294, 279]","[477, 151, 207, 414, 745, 32, 199, 722]","[0, 793, 786, 732, 797, 589, 391, 697]","[561, 429, 511, 791, 786, 260, 597, 457]","[270, 53, 219, 671, 58, 361, 619, 40]","[85, 797, 225, 779, 459, 303, 695, 755]","[482, 153, 209, 411, 738, 38, 197, 727]","[749, 370, 9, 614, 146, 529, 195, 0]","[394, 671, 284, 326, 755, 16, 506, 63]","[359, 759, 397, 524, 311, 748, 24, 278]","[708, 608, 431, 117, 108, 518, 522, 334]"
74,"[595, 253, 243, 6, 459, 681, 579, 654]","[194, 684, 714, 186, 229, 591, 384, 253]","[0, 792, 734, 76, 158, 453, 669, 777]","[52, 711, 345, 63, 424, 569, 178, 595]","[786, 98, 603, 0, 172, 617, 511, 342]","[270, 538, 350, 303, 58, 773, 509, 84]","[85, 553, 797, 453, 721, 58, 462, 274]","[0, 793, 739, 78, 158, 457, 657, 780]","[708, 721, 704, 715, 529, 523, 749, 115]","[685, 16, 494, 506, 497, 623, 326, 109]","[658, 739, 174, 688, 335, 56, 167, 401]","[82, 239, 708, 431, 522, 361, 83, 688]"
75,"[595, 564, 496, 587, 464, 253, 332, 186]","[194, 186, 791, 684, 200, 218, 647, 380]","[197, 620, 761, 749, 717, 424, 491, 425]","[589, 335, 398, 684, 442, 577, 540, 768]","[535, 697, 742, 342, 786, 474, 601, 195]","[270, 261, 481, 722, 637, 538, 797, 552]","[85, 797, 553, 225, 38, 396, 615, 237]","[199, 625, 766, 753, 724, 430, 500, 432]","[146, 529, 749, 700, 470, 721, 197, 15]","[671, 698, 402, 324, 180, 168, 356, 11]","[748, 741, 83, 112, 331, 688, 676, 335]","[504, 688, 431, 329, 675, 708, 567, 261]"
76,"[595, 253, 492, 741, 564, 347, 674, 579]","[194, 26, 367, 119, 186, 527, 470, 614]","[141, 376, 427, 46, 6, 67, 257, 707]","[357, 549, 181, 14, 610, 566, 793, 302]","[566, 697, 535, 617, 791, 156, 742, 597]","[479, 552, 218, 585, 221, 350, 270, 481]","[85, 797, 225, 500, 346, 553, 497, 615]","[143, 378, 418, 56, 9, 65, 262, 709]","[529, 597, 146, 108, 721, 115, 506, 749]","[764, 230, 394, 733, 278, 721, 56, 370]","[83, 741, 688, 748, 331, 468, 206, 123]","[431, 263, 33, 251, 675, 288, 562, 83]"
77,"[253, 595, 464, 470, 142, 308, 189, 459]","[496, 186, 168, 253, 136, 113, 145, 380]","[8, 95, 663, 213, 627, 480, 308, 9]","[509, 747, 589, 97, 453, 744, 442, 24]","[739, 744, 68, 740, 443, 617, 474, 597]","[270, 538, 671, 126, 103, 324, 479, 359]","[286, 85, 797, 475, 346, 500, 265, 715]","[7, 99, 671, 218, 633, 485, 302, 11]","[52, 31, 614, 755, 120, 406, 144, 394]","[368, 183, 278, 402, 551, 205, 331, 494]","[112, 468, 688, 167, 741, 748, 236, 349]","[109, 676, 431, 675, 33, 329, 630, 524]"
78,"[253, 278, 464, 735, 86, 257, 579, 168]","[253, 145, 168, 400, 610, 519, 186, 415]","[242, 236, 663, 213, 562, 783, 18, 9]","[610, 342, 181, 194, 442, 540, 697, 302]","[535, 429, 739, 342, 617, 781, 370, 511]","[538, 270, 581, 797, 567, 84, 145, 442]","[797, 85, 715, 561, 225, 634, 431, 136]","[247, 226, 671, 218, 561, 786, 20, 11]","[529, 416, 8, 144, 564, 120, 755, 753]","[370, 98, 185, 685, 131, 402, 677, 734]","[112, 369, 278, 391, 352, 741, 166, 688]","[340, 394, 692, 686, 334, 663, 99, 117]"
79,"[253, 718, 553, 611, 597, 505, 278, 114]","[253, 26, 496, 386, 168, 172, 145, 189]","[242, 573, 663, 213, 129, 54, 18, 9]","[610, 181, 342, 194, 540, 442, 697, 179]","[567, 261, 98, 55, 347, 40, 701, 744]","[270, 350, 642, 681, 581, 185, 797, 396]","[225, 715, 375, 475, 286, 99, 485, 48]","[247, 564, 671, 218, 129, 51, 20, 11]","[52, 23, 287, 296, 749, 406, 144, 409]","[755, 326, 219, 698, 69, 431, 614, 623]","[562, 112, 278, 772, 679, 530, 63, 83]","[340, 161, 117, 278, 531, 224, 485, 663]"
80,"[253, 590, 533, 579, 511, 385, 114, 278]","[573, 504, 113, 506, 253, 474, 278, 590]","[242, 573, 663, 213, 129, 54, 18, 9]","[697, 442, 342, 168, 194, 95, 610, 595]","[697, 617, 373, 739, 566, 256, 46, 302]","[270, 279, 698, 308, 745, 481, 780, 108]","[715, 797, 134, 270, 38, 346, 671, 475]","[247, 564, 671, 218, 129, 51, 20, 11]","[749, 144, 406, 421, 614, 599, 120, 721]","[506, 393, 402, 11, 185, 698, 219, 601]","[650, 638, 329, 688, 741, 278, 542, 405]","[354, 652, 326, 391, 531, 518, 161, 102]"
81,"[502, 204, 614, 436, 121, 426, 550, 200]","[278, 470, 457, 409, 79, 696, 178, 126]","[242, 319, 663, 213, 351, 549, 321, 9]","[566, 595, 161, 442, 697, 156, 478, 181]","[373, 566, 0, 617, 83, 781, 697, 511]","[581, 262, 481, 179, 442, 797, 393, 0]","[715, 38, 128, 475, 48, 346, 270, 748]","[247, 320, 671, 218, 356, 548, 322, 11]","[599, 406, 151, 390, 749, 287, 144, 721]","[185, 350, 13, 274, 664, 614, 737, 529]","[291, 627, 650, 741, 278, 638, 329, 340]","[161, 361, 522, 675, 354, 652, 518, 72]"
82,"[345, 589, 9, 278, 675, 366, 59, 579]","[278, 202, 373, 733, 262, 277, 272, 6]","[242, 319, 663, 213, 630, 559, 321, 9]","[704, 255, 442, 595, 566, 589, 697, 55]","[589, 55, 566, 781, 704, 787, 477, 342]","[581, 442, 539, 378, 404, 704, 310, 788]","[38, 715, 376, 140, 748, 114, 797, 144]","[247, 320, 671, 218, 621, 565, 322, 11]","[108, 614, 112, 144, 435, 120, 721, 72]","[485, 230, 698, 777, 63, 59, 529, 496]","[291, 627, 741, 650, 267, 349, 329, 562]","[352, 675, 478, 354, 340, 239, 72, 263]"
83,"[533, 714, 123, 774, 470, 474, 579, 399]","[733, 137, 56, 180, 19, 100, 511, 747]","[703, 264, 396, 383, 770, 692, 72, 348]","[595, 610, 566, 791, 342, 505, 478, 366]","[45, 658, 175, 55, 697, 342, 261, 710]","[581, 493, 186, 128, 721, 642, 420, 690]","[376, 715, 465, 494, 797, 475, 593, 196]","[706, 265, 402, 384, 773, 694, 68, 340]","[120, 123, 614, 144, 749, 721, 142, 534]","[698, 778, 529, 350, 225, 784, 61, 120]","[706, 627, 650, 734, 329, 638, 217, 278]","[354, 352, 239, 675, 440, 340, 388, 133]"
84,"[31, 540, 54, 733, 399, 204, 402, 597]","[511, 473, 282, 56, 741, 383, 603, 609]","[796, 131, 396, 383, 454, 498, 768, 459]","[566, 610, 478, 342, 335, 595, 617, 739]","[62, 175, 655, 589, 85, 342, 697, 781]","[597, 251, 433, 722, 507, 493, 278, 247]","[715, 797, 312, 476, 721, 270, 748, 150]","[797, 131, 402, 384, 458, 490, 765, 465]","[614, 406, 390, 721, 123, 534, 120, 707]","[208, 691, 185, 728, 393, 16, 63, 664]","[627, 25, 325, 650, 278, 772, 155, 331]","[388, 278, 504, 340, 526, 161, 117, 731]"
85,"[760, 579, 774, 298, 380, 353, 580, 754]","[511, 119, 470, 141, 626, 182, 351, 211]","[796, 304, 396, 383, 405, 575, 768, 459]","[566, 366, 478, 335, 194, 617, 791, 610]","[697, 736, 175, 589, 342, 85, 128, 511]","[538, 131, 597, 481, 360, 370, 288, 451]","[715, 474, 538, 346, 597, 283, 522, 99]","[797, 298, 402, 384, 396, 578, 765, 465]","[614, 120, 545, 406, 173, 715, 750, 567]","[780, 225, 247, 783, 310, 664, 721, 16]","[274, 331, 454, 480, 675, 772, 724, 650]","[278, 621, 354, 663, 468, 583, 297, 585]"
86,"[752, 713, 148, 139, 402, 432, 579, 700]","[511, 182, 541, 425, 277, 56, 231, 750]","[796, 304, 396, 383, 417, 130, 768, 459]","[382, 566, 373, 610, 773, 449, 595, 433]","[511, 342, 527, 697, 256, 710, 617, 83]","[538, 696, 225, 360, 288, 179, 797, 522]","[673, 283, 406, 797, 715, 777, 748, 779]","[797, 298, 402, 384, 412, 130, 765, 465]","[750, 510, 406, 7, 625, 749, 502, 120]","[350, 36, 393, 247, 619, 721, 63, 737]","[267, 650, 316, 329, 683, 350, 682, 251]","[663, 638, 309, 481, 82, 716, 475, 621]"
87,"[634, 574, 73, 579, 490, 470, 779, 182]","[530, 111, 182, 277, 511, 760, 540, 119]","[796, 304, 396, 383, 355, 130, 768, 459]","[198, 194, 595, 442, 610, 566, 334, 85]","[617, 511, 39, 566, 373, 260, 701, 597]","[538, 360, 202, 552, 522, 301, 402, 715]","[777, 779, 715, 396, 543, 496, 721, 792]","[797, 298, 402, 384, 358, 130, 765, 465]","[750, 406, 120, 82, 185, 749, 625, 144]","[225, 247, 497, 78, 230, 704, 513, 737]","[33, 155, 82, 411, 726, 99, 786, 397]","[161, 522, 117, 504, 231, 354, 348, 291]"
88,"[30, 200, 601, 640, 579, 257, 518, 409]","[119, 530, 511, 553, 383, 361, 754, 182]","[796, 436, 396, 383, 646, 765, 768, 459]","[194, 442, 334, 566, 10, 129, 438, 595]","[479, 503, 511, 83, 373, 429, 617, 566]","[698, 202, 36, 481, 664, 288, 697, 551]","[779, 474, 797, 792, 215, 715, 508, 748]","[797, 438, 402, 384, 648, 758, 765, 465]","[120, 625, 119, 724, 126, 749, 443, 406]","[602, 497, 685, 327, 247, 178, 661, 494]","[82, 174, 661, 411, 117, 289, 675, 473]","[229, 295, 236, 83, 383, 680, 690, 472]"
89,"[119, 610, 132, 421, 675, 123, 172, 212]","[459, 119, 138, 86, 280, 182, 347, 409]","[689, 774, 252, 709, 712, 611, 698, 727]","[55, 610, 181, 373, 129, 161, 335, 597]","[373, 511, 98, 503, 791, 597, 617, 527]","[634, 426, 343, 337, 423, 538, 278, 114]","[761, 74, 748, 721, 396, 715, 797, 19]","[685, 777, 244, 707, 713, 617, 700, 732]","[625, 126, 676, 520, 474, 534, 185, 117]","[324, 685, 225, 120, 350, 265, 527, 511]","[431, 111, 640, 155, 82, 174, 329, 117]","[772, 318, 354, 468, 460, 83, 794, 230]"
90,"[710, 775, 367, 446, 343, 169, 610, 470]","[541, 119, 138, 694, 459, 470, 530, 506]","[789, 488, 106, 644, 600, 193, 756, 226]","[610, 181, 55, 465, 781, 357, 373, 722]","[429, 511, 739, 14, 677, 600, 617, 771]","[431, 634, 797, 284, 587, 685, 478, 246]","[319, 761, 131, 538, 748, 674, 221, 792]","[788, 493, 102, 638, 606, 189, 752, 232]","[520, 117, 126, 625, 474, 120, 534, 225]","[63, 120, 247, 527, 324, 265, 685, 700]","[174, 472, 24, 117, 777, 316, 680, 431]","[600, 263, 716, 526, 75, 354, 18, 662]"
91,"[470, 773, 603, 55, 69, 636, 156, 791]","[742, 567, 111, 478, 511, 710, 694, 714]","[561, 254, 435, 300, 636, 335, 620, 711]","[610, 101, 677, 617, 744, 268, 382, 373]","[213, 527, 302, 60, 670, 701, 273, 367]","[146, 797, 685, 309, 144, 151, 370, 114]","[715, 319, 797, 721, 774, 792, 616, 356]","[557, 258, 431, 294, 644, 328, 625, 710]","[117, 120, 534, 625, 202, 692, 437, 697]","[120, 247, 63, 685, 324, 232, 11, 527]","[658, 174, 661, 297, 450, 224, 772, 316]","[687, 638, 661, 111, 83, 759, 500, 716]"
92,"[769, 603, 157, 146, 268, 264, 168, 324]","[399, 217, 733, 54, 180, 169, 385, 530]","[338, 35, 435, 300, 196, 158, 155, 312]","[610, 617, 677, 479, 549, 723, 442, 707]","[535, 569, 744, 617, 421, 111, 279, 398]","[797, 514, 482, 312, 734, 493, 120, 402]","[715, 792, 319, 797, 774, 538, 25, 721]","[344, 30, 431, 294, 192, 158, 154, 306]","[120, 625, 534, 784, 117, 185, 681, 479]","[737, 324, 195, 63, 685, 11, 700, 393]","[174, 257, 661, 335, 71, 772, 777, 412]","[75, 95, 600, 744, 448, 251, 772, 640]"
93,"[369, 138, 200, 311, 470, 357, 123, 490]","[464, 769, 298, 689, 383, 399, 343, 693]","[11, 541, 731, 302, 530, 514, 728, 337]","[597, 610, 442, 56, 465, 581, 29, 791]","[567, 744, 535, 111, 69, 389, 677, 617]","[797, 493, 423, 685, 120, 207, 144, 56]","[715, 538, 792, 319, 425, 797, 606, 476]","[12, 540, 735, 295, 529, 502, 733, 343]","[144, 479, 120, 585, 625, 619, 575, 397]","[324, 119, 685, 394, 426, 737, 783, 350]","[661, 674, 414, 174, 680, 278, 772, 349]","[325, 564, 83, 623, 61, 480, 210, 735]"
94,"[176, 490, 40, 563, 610, 503, 200, 581]","[618, 718, 563, 733, 158, 168, 119, 464]","[199, 52, 731, 302, 294, 516, 95, 333]","[781, 595, 610, 723, 110, 636, 597, 426]","[744, 567, 535, 213, 484, 380, 388, 65]","[797, 324, 186, 493, 685, 443, 721, 288]","[721, 356, 184, 504, 221, 715, 270, 18]","[197, 49, 735, 295, 299, 518, 99, 337]","[479, 502, 120, 144, 534, 697, 625, 127]","[737, 324, 63, 350, 120, 208, 117, 685]","[252, 539, 473, 645, 749, 661, 320, 360]","[480, 24, 171, 675, 82, 772, 658, 364]"
95,"[603, 506, 299, 490, 291, 723, 138, 130]","[733, 464, 383, 363, 610, 32, 455, 735]","[199, 52, 731, 302, 398, 516, 95, 333]","[595, 781, 789, 610, 636, 597, 739, 744]","[793, 429, 772, 302, 696, 744, 447, 617]","[735, 797, 324, 70, 416, 423, 179, 721]","[797, 715, 721, 504, 643, 659, 529, 522]","[197, 49, 735, 295, 406, 518, 99, 337]","[692, 625, 474, 350, 774, 356, 588, 488]","[474, 597, 120, 324, 58, 677, 48, 737]","[117, 473, 630, 661, 363, 229, 433, 257]","[772, 82, 759, 278, 423, 96, 518, 653]"
96,"[425, 603, 527, 732, 564, 735, 111, 454]","[176, 580, 254, 733, 396, 257, 511, 363]","[200, 419, 490, 204, 164, 627, 798, 346]","[781, 610, 595, 739, 597, 456, 744, 647]","[617, 429, 780, 148, 173, 389, 302, 793]","[246, 336, 797, 561, 376, 482, 178, 476]","[270, 99, 303, 797, 420, 25, 538, 279]","[200, 415, 496, 207, 164, 633, 799, 348]","[356, 73, 560, 58, 387, 567, 65, 451]","[784, 120, 507, 58, 705, 324, 623, 350]","[346, 473, 414, 587, 464, 443, 536, 341]","[675, 24, 561, 267, 627, 327, 382, 682]"
97,"[369, 671, 425, 636, 45, 527, 115, 564]","[334, 729, 58, 169, 59, 511, 279, 376]","[669, 180, 490, 204, 550, 486, 573, 438]","[595, 610, 597, 739, 640, 744, 742, 540]","[567, 739, 793, 429, 617, 744, 533, 566]","[572, 246, 142, 797, 773, 700, 120, 133]","[123, 761, 478, 774, 25, 157, 748, 366]","[657, 182, 496, 207, 550, 469, 564, 439]","[350, 144, 356, 54, 390, 664, 640, 668]","[11, 474, 52, 324, 737, 237, 507, 370]","[473, 303, 661, 346, 442, 355, 414, 583]","[167, 286, 734, 111, 391, 174, 459, 229]"
98,"[603, 629, 777, 173, 747, 490, 344, 200]","[436, 426, 503, 402, 416, 114, 773, 40]","[491, 694, 490, 204, 123, 129, 319, 779]","[595, 597, 739, 540, 744, 799, 244, 600]","[567, 739, 793, 617, 744, 772, 566, 265]","[251, 433, 631, 623, 406, 797, 117, 181]","[356, 123, 25, 270, 277, 74, 538, 465]","[500, 696, 496, 207, 123, 129, 320, 781]","[350, 664, 285, 144, 419, 700, 298, 424]","[11, 350, 120, 117, 9, 637, 58, 396]","[171, 716, 473, 783, 303, 414, 33, 731]","[306, 167, 33, 697, 680, 605, 459, 545]"
99,"[603, 168, 610, 482, 57, 541, 343, 54]","[610, 27, 597, 229, 402, 260, 464, 311]","[491, 694, 490, 204, 629, 351, 319, 779]","[597, 595, 613, 744, 161, 672, 133, 730]","[739, 742, 744, 389, 83, 567, 617, 244]","[120, 186, 797, 123, 376, 283, 685, 87]","[280, 270, 312, 11, 538, 774, 13, 108]","[500, 696, 496, 207, 612, 356, 320, 781]","[350, 356, 481, 537, 714, 56, 664, 4]","[120, 451, 11, 589, 700, 48, 495, 324]","[473, 327, 661, 559, 716, 509, 321, 79]","[33, 82, 482, 496, 583, 792, 584, 137]"
100,"[603, 121, 168, 117, 509, 473, 791, 19]","[229, 324, 640, 119, 464, 636, 123, 366]","[209, 284, 490, 204, 121, 171, 264, 359]","[597, 595, 347, 260, 265, 511, 77, 647]","[83, 739, 742, 389, 744, 567, 793, 260]","[96, 25, 288, 367, 755, 3, 764, 393]","[212, 529, 6, 552, 76, 538, 433, 11]","[204, 289, 496, 207, 122, 173, 265, 364]","[664, 350, 375, 237, 273, 144, 481, 428]","[474, 589, 721, 262, 120, 131, 597, 11]","[473, 572, 412, 117, 468, 195, 661, 452]","[391, 627, 363, 587, 5, 661, 82, 524]"
101,"[63, 645, 138, 577, 246, 694, 357, 511]","[636, 324, 145, 704, 772, 279, 343, 157]","[243, 409, 490, 204, 386, 282, 774, 267]","[260, 597, 347, 647, 69, 595, 742, 744]","[797, 298, 744, 52, 83, 617, 29, 444]","[567, 117, 733, 481, 495, 152, 568, 324]","[797, 283, 339, 144, 481, 745, 270, 587]","[248, 420, 496, 207, 391, 271, 777, 266]","[474, 309, 63, 160, 286, 437, 185, 350]","[120, 117, 589, 52, 237, 721, 184, 265]","[117, 661, 323, 412, 520, 473, 66, 155]","[278, 438, 772, 627, 180, 661, 5, 584]"
102,"[178, 458, 607, 739, 675, 46, 324, 605]","[332, 511, 464, 589, 162, 145, 334, 45]","[243, 24, 490, 204, 625, 355, 691, 267]","[595, 597, 260, 65, 447, 280, 474, 742]","[566, 719, 722, 655, 694, 617, 173, 65]","[733, 797, 506, 216, 283, 313, 74, 471]","[481, 797, 78, 552, 158, 144, 474, 522]","[248, 27, 496, 207, 611, 358, 693, 266]","[350, 495, 485, 246, 474, 710, 743, 286]","[117, 721, 589, 120, 481, 4, 566, 396]","[117, 473, 64, 51, 417, 661, 82, 314]","[278, 646, 627, 72, 204, 441, 661, 25]"
103,"[324, 40, 603, 260, 246, 526, 242, 610]","[148, 464, 654, 139, 489, 733, 280, 566]","[145, 80, 490, 204, 246, 273, 744, 378]","[595, 597, 260, 742, 444, 518, 382, 620]","[694, 617, 655, 610, 317, 46, 791, 57]","[797, 358, 735, 216, 733, 685, 471, 331]","[692, 312, 288, 84, 522, 78, 185, 797]","[147, 83, 496, 207, 251, 281, 748, 371]","[350, 495, 485, 185, 481, 474, 576, 266]","[0, 721, 481, 637, 589, 178, 356, 7]","[473, 117, 549, 74, 83, 7, 661, 497]","[797, 278, 204, 789, 159, 131, 360, 661]"
104,"[610, 694, 324, 603, 561, 121, 280, 564]","[470, 601, 260, 111, 489, 60, 729, 230]","[145, 80, 490, 204, 246, 273, 744, 378]","[595, 597, 444, 474, 347, 373, 279, 772]","[791, 111, 56, 589, 593, 762, 444, 138]","[685, 56, 797, 190, 514, 185, 433, 700]","[481, 587, 281, 185, 262, 615, 465, 140]","[147, 83, 496, 207, 251, 281, 748, 371]","[485, 481, 474, 286, 246, 539, 421, 185]","[481, 721, 637, 589, 120, 739, 566, 332]","[661, 407, 473, 117, 496, 412, 82, 48]","[440, 267, 278, 411, 289, 634, 51, 789]"
105,"[324, 610, 533, 564, 279, 121, 366, 735]","[279, 62, 89, 373, 429, 425, 268, 686]","[145, 80, 490, 204, 246, 273, 744, 378]","[701, 54, 44, 175, 50, 421, 39, 595]","[694, 280, 111, 791, 15, 704, 684, 46]","[797, 185, 146, 685, 225, 565, 179, 494]","[281, 288, 722, 168, 552, 184, 615, 529]","[147, 83, 496, 207, 251, 281, 748, 371]","[485, 506, 481, 421, 185, 680, 474, 715]","[184, 120, 589, 48, 359, 496, 721, 52]","[60, 661, 117, 635, 737, 231, 342, 451]","[265, 463, 137, 24, 539, 267, 726, 174]"
106,"[284, 610, 763, 229, 256, 324, 210, 121]","[511, 36, 200, 95, 566, 89, 324, 610]","[145, 80, 490, 204, 293, 600, 744, 378]","[186, 511, 701, 117, 435, 533, 414, 684]","[694, 111, 301, 566, 342, 610, 344, 424]","[797, 685, 239, 144, 529, 225, 705, 185]","[581, 281, 179, 140, 325, 313, 446, 631]","[147, 83, 496, 207, 292, 606, 748, 371]","[506, 225, 617, 481, 739, 391, 382, 688]","[589, 184, 120, 48, 637, 0, 721, 782]","[661, 155, 521, 329, 675, 334, 686, 485]","[454, 789, 475, 180, 473, 694, 267, 5]"
107,"[593, 181, 0, 182, 641, 358, 226, 684]","[281, 366, 36, 566, 511, 744, 610, 564]","[321, 501, 490, 204, 426, 636, 254, 341]","[684, 186, 511, 701, 435, 113, 798, 640]","[111, 385, 391, 296, 198, 117, 280, 454]","[685, 225, 797, 324, 529, 258, 146, 11]","[342, 402, 527, 700, 287, 677, 221, 275]","[322, 497, 496, 207, 433, 644, 258, 332]","[506, 144, 481, 225, 382, 488, 258, 184]","[721, 589, 481, 120, 637, 4, 370, 184]","[661, 169, 459, 100, 244, 235, 155, 331]","[661, 473, 645, 273, 789, 650, 115, 340]"
108,"[246, 696, 68, 467, 186, 535, 490, 684]","[564, 182, 36, 175, 89, 574, 367, 360]","[321, 501, 490, 204, 563, 196, 254, 341]","[511, 186, 684, 113, 701, 217, 65, 593]","[111, 589, 137, 46, 212, 366, 342, 117]","[797, 25, 73, 685, 699, 431, 146, 152]","[288, 745, 735, 614, 48, 20, 585, 700]","[322, 497, 496, 207, 566, 192, 258, 332]","[382, 144, 481, 474, 225, 202, 685, 224]","[120, 589, 637, 721, 481, 184, 588, 370]","[675, 635, 459, 777, 109, 143, 349, 217]","[212, 473, 251, 169, 789, 102, 661, 497]"
109,"[0, 490, 478, 610, 675, 791, 324, 582]","[677, 182, 519, 373, 535, 32, 564, 351]","[231, 13, 490, 204, 437, 704, 119, 341]","[684, 701, 511, 113, 119, 391, 526, 594]","[773, 268, 159, 640, 97, 610, 345, 212]","[699, 41, 643, 472, 685, 663, 274, 602]","[68, 538, 288, 123, 733, 451, 697, 216]","[237, 16, 496, 207, 435, 698, 120, 332]","[225, 481, 469, 474, 685, 588, 386, 144]","[428, 120, 481, 356, 87, 721, 139, 637]","[244, 675, 321, 789, 595, 176, 310, 102]","[473, 66, 169, 789, 341, 650, 134, 713]"
110,"[162, 704, 490, 121, 352, 610, 186, 182]","[610, 89, 273, 111, 333, 129, 754, 442]","[72, 364, 490, 204, 117, 390, 444, 341]","[684, 421, 345, 119, 511, 46, 51, 471]","[345, 773, 159, 610, 581, 264, 260, 212]","[312, 643, 614, 699, 599, 797, 309, 321]","[538, 275, 393, 312, 586, 184, 464, 481]","[68, 368, 496, 207, 118, 385, 442, 332]","[685, 225, 421, 329, 481, 184, 743, 4]","[428, 481, 637, 617, 120, 184, 72, 474]","[572, 459, 170, 423, 744, 431, 720, 244]","[789, 115, 473, 169, 5, 272, 650, 468]"
111,"[121, 490, 511, 610, 186, 603, 444, 449]","[333, 603, 735, 89, 511, 357, 130, 123]","[72, 258, 490, 204, 638, 295, 444, 341]","[684, 421, 345, 113, 691, 456, 156, 119]","[426, 640, 391, 382, 212, 175, 533, 173]","[699, 312, 578, 283, 599, 614, 643, 84]","[743, 481, 185, 184, 482, 733, 270, 339]","[68, 252, 496, 207, 627, 301, 442, 332]","[685, 225, 144, 745, 565, 319, 184, 4]","[481, 782, 428, 447, 73, 637, 692, 735]","[466, 431, 95, 379, 131, 239, 782, 161]","[789, 72, 115, 134, 5, 661, 212, 169]"
112,"[610, 175, 186, 367, 119, 121, 793, 306]","[735, 333, 511, 603, 54, 781, 244, 181]","[698, 286, 490, 581, 51, 41, 541, 278]","[684, 345, 113, 14, 511, 328, 119, 382]","[212, 421, 264, 173, 175, 382, 640, 391]","[699, 643, 269, 797, 210, 458, 595, 283]","[184, 733, 18, 761, 213, 185, 221, 635]","[700, 278, 496, 574, 47, 43, 540, 283]","[685, 647, 225, 642, 319, 145, 375, 184]","[82, 450, 474, 537, 406, 574, 565, 184]","[716, 155, 309, 595, 145, 195, 7, 394]","[134, 5, 326, 602, 231, 737, 212, 63]"
113,"[506, 611, 282, 610, 186, 511, 200, 478]","[511, 610, 333, 544, 126, 675, 564, 490]","[151, 309, 490, 240, 688, 550, 52, 476]","[684, 113, 328, 382, 511, 620, 298, 186]","[640, 264, 600, 420, 674, 594, 577, 762]","[699, 797, 393, 769, 685, 616, 721, 508]","[152, 481, 538, 660, 283, 587, 359, 529]","[153, 305, 496, 234, 689, 550, 49, 462]","[685, 788, 291, 656, 275, 210, 145, 617]","[474, 701, 406, 735, 428, 145, 597, 568]","[635, 411, 697, 780, 155, 83, 687, 653]","[474, 520, 619, 214, 443, 145, 694, 478]"
114,"[200, 566, 610, 119, 306, 186, 181, 355]","[610, 69, 200, 511, 324, 54, 62, 333]","[756, 363, 167, 586, 403, 629, 274, 509]","[684, 511, 119, 710, 113, 772, 382, 298]","[762, 453, 640, 577, 352, 175, 44, 126]","[699, 474, 797, 590, 616, 186, 564, 482]","[538, 283, 481, 587, 213, 246, 11, 728]","[752, 367, 167, 589, 410, 612, 267, 514]","[685, 565, 637, 437, 598, 41, 743, 307]","[474, 42, 679, 735, 701, 92, 326, 4]","[411, 155, 157, 439, 431, 295, 57, 497]","[318, 481, 155, 5, 405, 7, 734, 379]"
115,"[186, 478, 86, 200, 119, 137, 624, 181]","[610, 333, 324, 119, 89, 212, 677, 299]","[792, 392, 28, 608, 429, 624, 180, 715]","[119, 101, 113, 511, 186, 593, 71, 710]","[609, 196, 640, 762, 747, 382, 126, 674]","[699, 540, 797, 393, 263, 251, 616, 477]","[481, 568, 769, 283, 288, 764, 186, 523]","[793, 397, 32, 615, 419, 610, 182, 714]","[685, 565, 342, 275, 184, 286, 789, 363]","[791, 745, 289, 597, 474, 85, 342, 4]","[349, 155, 791, 634, 239, 152, 276, 172]","[5, 661, 735, 166, 108, 7, 303, 231]"
116,"[186, 684, 182, 490, 200, 121, 798, 119]","[610, 182, 333, 53, 353, 324, 719, 200]","[620, 210, 28, 608, 769, 121, 694, 715]","[511, 119, 710, 118, 273, 256, 421, 796]","[65, 186, 458, 640, 609, 577, 189, 391]","[699, 743, 797, 126, 523, 475, 393, 528]","[423, 529, 221, 152, 146, 616, 366, 237]","[625, 213, 32, 615, 772, 122, 696, 714]","[685, 319, 574, 36, 715, 700, 472, 734]","[563, 145, 342, 474, 565, 704, 406, 451]","[595, 351, 690, 439, 431, 768, 587, 789]","[5, 497, 661, 706, 133, 480, 675, 429]"
117,"[186, 490, 684, 182, 200, 121, 119, 478]","[610, 324, 96, 333, 614, 182, 145, 358]","[376, 235, 4, 428, 740, 529, 284, 88]","[119, 671, 101, 511, 772, 352, 719, 265]","[65, 640, 458, 610, 189, 161, 489, 186]","[643, 186, 534, 126, 699, 797, 506, 273]","[481, 615, 144, 370, 11, 288, 735, 181]","[378, 225, 4, 434, 723, 530, 289, 82]","[685, 647, 319, 36, 118, 472, 269, 428]","[571, 406, 704, 50, 428, 587, 474, 144]","[431, 171, 43, 595, 41, 44, 348, 331]","[433, 109, 71, 572, 108, 661, 720, 334]"
118,"[186, 490, 246, 684, 324, 181, 610, 478]","[610, 145, 9, 333, 119, 86, 641, 324]","[376, 235, 4, 428, 740, 529, 284, 88]","[777, 119, 60, 173, 186, 347, 511, 391]","[610, 186, 640, 181, 65, 489, 95, 564]","[784, 699, 450, 409, 537, 286, 324, 474]","[481, 11, 144, 84, 184, 507, 370, 186]","[378, 225, 4, 434, 723, 530, 289, 82]","[685, 36, 572, 472, 308, 456, 40, 647]","[704, 50, 406, 587, 144, 764, 749, 48]","[595, 391, 431, 331, 620, 711, 527, 340]","[316, 466, 661, 109, 653, 0, 127, 180]"
119,"[490, 684, 478, 50, 52, 181, 246, 54]","[610, 145, 527, 541, 566, 115, 32, 246]","[434, 89, 4, 428, 331, 585, 395, 88]","[511, 186, 119, 744, 377, 671, 175, 166]","[186, 577, 610, 276, 113, 684, 181, 161]","[699, 84, 485, 611, 287, 482, 18, 522]","[402, 761, 56, 7, 108, 237, 336, 186]","[429, 86, 4, 434, 335, 576, 401, 82]","[685, 698, 36, 118, 715, 472, 4, 522]","[50, 144, 598, 406, 587, 479, 683, 342]","[111, 518, 214, 452, 474, 468, 377, 55]","[661, 316, 411, 572, 257, 216, 429, 244]"
120,"[479, 119, 684, 490, 783, 86, 549, 741]","[610, 246, 754, 126, 675, 561, 307, 566]","[434, 408, 4, 428, 525, 625, 418, 88]","[671, 744, 186, 119, 620, 640, 577, 447]","[684, 186, 577, 181, 113, 196, 609, 189]","[721, 265, 255, 475, 522, 482, 510, 571]","[790, 11, 142, 301, 734, 614, 616, 619]","[429, 403, 4, 434, 524, 611, 414, 82]","[685, 522, 651, 531, 539, 613, 715, 698]","[406, 479, 144, 375, 394, 237, 784, 743]","[329, 583, 397, 714, 518, 606, 666, 372]","[429, 244, 316, 174, 257, 327, 526, 714]"
121,"[158, 119, 611, 477, 490, 706, 113, 53]","[246, 610, 32, 594, 159, 482, 307, 373]","[434, 536, 4, 428, 339, 105, 471, 88]","[671, 186, 744, 119, 511, 447, 175, 268]","[684, 186, 595, 5, 502, 273, 113, 189]","[425, 713, 127, 327, 390, 545, 116, 534]","[450, 761, 755, 11, 237, 783, 672, 179]","[429, 534, 4, 434, 345, 108, 477, 82]","[685, 184, 4, 522, 617, 118, 698, 715]","[406, 144, 479, 237, 704, 41, 743, 587]","[211, 159, 548, 380, 497, 83, 331, 251]","[174, 661, 217, 714, 40, 286, 716, 653]"
122,"[119, 121, 200, 376, 212, 128, 655, 442]","[610, 159, 324, 566, 32, 519, 675, 518]","[434, 597, 4, 428, 234, 500, 684, 88]","[511, 175, 65, 111, 489, 119, 347, 600]","[684, 502, 618, 110, 101, 213, 273, 560]","[677, 755, 84, 614, 140, 273, 324, 420]","[179, 284, 144, 786, 11, 246, 0, 748]","[429, 604, 4, 434, 224, 505, 683, 82]","[685, 522, 184, 698, 118, 4, 715, 432]","[749, 375, 672, 434, 107, 394, 692, 192]","[495, 329, 349, 431, 429, 340, 583, 352]","[174, 661, 474, 735, 480, 572, 216, 231]"
123,"[121, 119, 200, 289, 272, 647, 655, 472]","[333, 246, 610, 566, 159, 119, 489, 597]","[728, 570, 4, 428, 758, 246, 298, 88]","[489, 511, 347, 175, 119, 111, 389, 577]","[777, 502, 320, 113, 618, 189, 509, 360]","[672, 25, 43, 275, 332, 614, 278, 643]","[728, 179, 434, 251, 642, 246, 616, 581]","[733, 563, 4, 434, 763, 251, 304, 82]","[685, 522, 698, 746, 204, 715, 540, 125]","[631, 394, 749, 514, 4, 700, 161, 309]","[340, 495, 429, 447, 686, 731, 714, 111]","[661, 327, 474, 682, 174, 777, 380, 735]"
124,"[119, 519, 204, 121, 614, 442, 490, 546]","[246, 610, 566, 119, 489, 304, 504, 658]","[95, 289, 4, 428, 472, 347, 501, 88]","[111, 511, 175, 347, 119, 489, 161, 671]","[502, 113, 196, 597, 618, 186, 489, 161]","[527, 275, 25, 130, 529, 214, 265, 140]","[423, 11, 144, 471, 520, 251, 728, 616]","[99, 285, 4, 434, 478, 350, 497, 82]","[685, 698, 4, 715, 282, 368, 184, 617]","[514, 161, 619, 631, 244, 4, 273, 591]","[340, 716, 429, 542, 518, 510, 291, 251]","[340, 346, 661, 42, 735, 474, 25, 321]"
125,"[490, 694, 229, 204, 119, 121, 246, 611]","[246, 540, 260, 347, 123, 119, 566, 754]","[573, 202, 4, 65, 583, 426, 258, 114]","[111, 175, 567, 448, 347, 458, 256, 161]","[489, 196, 597, 113, 618, 684, 600, 119]","[607, 614, 482, 527, 794, 68, 737, 202]","[144, 251, 565, 616, 728, 581, 571, 133]","[564, 205, 4, 69, 587, 433, 252, 113]","[698, 715, 4, 91, 764, 430, 179, 604]","[514, 161, 653, 273, 308, 479, 764, 749]","[340, 518, 716, 251, 429, 111, 636, 583]","[174, 735, 682, 474, 334, 195, 351, 295]"
126,"[119, 324, 113, 36, 415, 617, 181, 740]","[246, 115, 489, 347, 674, 373, 442, 419]","[573, 202, 4, 65, 583, 426, 258, 114]","[111, 119, 175, 458, 489, 389, 46, 173]","[593, 609, 435, 113, 544, 489, 699, 56]","[312, 54, 55, 737, 482, 259, 4, 38]","[56, 251, 520, 0, 144, 581, 182, 735]","[564, 205, 4, 69, 587, 433, 252, 113]","[698, 715, 4, 646, 737, 247, 617, 355]","[631, 453, 781, 591, 514, 178, 663, 749]","[595, 263, 349, 291, 583, 304, 716, 251]","[44, 295, 526, 236, 528, 411, 195, 326]"
127,"[119, 677, 121, 429, 328, 96, 242, 523]","[246, 489, 324, 373, 754, 347, 442, 655]","[573, 467, 4, 65, 361, 563, 532, 114]","[111, 119, 383, 212, 213, 762, 269, 618]","[113, 297, 509, 671, 684, 110, 597, 388]","[185, 325, 288, 761, 624, 482, 69, 321]","[308, 144, 616, 581, 376, 615, 56, 309]","[564, 473, 4, 69, 366, 566, 533, 113]","[698, 728, 4, 184, 715, 133, 91, 107]","[591, 456, 4, 326, 342, 133, 370, 428]","[559, 716, 5, 595, 337, 161, 731, 391]","[682, 217, 25, 528, 111, 526, 50, 274]"
128,"[85, 37, 597, 39, 324, 671, 227, 129]","[246, 754, 156, 347, 490, 723, 489, 173]","[78, 32, 606, 27, 342, 117, 309, 466]","[111, 119, 383, 736, 762, 214, 38, 212]","[113, 129, 647, 110, 360, 684, 65, 597]","[534, 783, 749, 673, 520, 284, 408, 286]","[251, 144, 470, 581, 615, 120, 728, 182]","[72, 38, 613, 31, 333, 118, 305, 472]","[698, 740, 642, 715, 230, 572, 743, 728]","[591, 4, 514, 397, 743, 370, 178, 784]","[33, 180, 583, 653, 436, 618, 715, 708]","[475, 411, 10, 349, 682, 111, 342, 480]"
129,"[204, 382, 722, 262, 380, 324, 388, 789]","[10, 357, 494, 119, 490, 176, 754, 442]","[78, 156, 606, 27, 241, 643, 363, 466]","[119, 212, 444, 762, 577, 722, 198, 389]","[360, 110, 610, 647, 684, 129, 609, 65]","[614, 721, 408, 677, 755, 68, 288, 748]","[423, 581, 251, 120, 114, 773, 474, 185]","[72, 155, 613, 31, 246, 636, 367, 472]","[698, 715, 743, 496, 390, 8, 175, 425]","[192, 45, 605, 370, 563, 428, 58, 559]","[770, 295, 731, 391, 646, 142, 463, 364]","[111, 411, 475, 480, 444, 682, 735, 251]"
130,"[453, 277, 121, 304, 119, 204, 617, 423]","[324, 490, 442, 449, 432, 347, 700, 284]","[78, 788, 606, 27, 260, 638, 392, 466]","[212, 119, 126, 198, 670, 762, 444, 640]","[610, 186, 684, 597, 609, 383, 119, 382]","[230, 737, 614, 755, 278, 507, 38, 114]","[120, 151, 184, 616, 251, 677, 512, 737]","[72, 789, 613, 31, 263, 627, 397, 472]","[715, 587, 743, 184, 45, 619, 202, 198]","[734, 41, 463, 40, 616, 473, 566, 416]","[714, 169, 638, 291, 318, 216, 158, 251]","[111, 475, 735, 444, 682, 286, 64, 305]"
131,"[277, 617, 304, 204, 119, 343, 191, 781]","[593, 343, 73, 776, 0, 490, 509, 527]","[436, 424, 606, 27, 795, 60, 77, 466]","[212, 119, 449, 389, 640, 577, 609, 644]","[186, 610, 609, 119, 383, 597, 435, 363]","[475, 737, 438, 755, 38, 482, 751, 11]","[184, 222, 84, 643, 642, 615, 107, 146]","[438, 430, 613, 31, 796, 60, 79, 472]","[715, 91, 746, 184, 496, 202, 473, 347]","[192, 4, 144, 476, 617, 566, 690, 296]","[391, 291, 501, 231, 555, 111, 109, 554]","[349, 111, 412, 509, 438, 714, 768, 475]"
132,"[119, 617, 277, 54, 44, 729, 473, 324]","[343, 0, 603, 697, 473, 347, 121, 478]","[744, 67, 329, 617, 244, 469, 235, 660]","[119, 9, 392, 191, 640, 13, 391, 715]","[363, 119, 597, 610, 186, 345, 177, 383]","[324, 185, 229, 222, 721, 95, 402, 501]","[0, 120, 393, 310, 315, 471, 408, 251]","[748, 65, 331, 620, 249, 461, 225, 664]","[715, 494, 496, 528, 177, 502, 780, 743]","[754, 192, 236, 472, 4, 428, 387, 421]","[239, 714, 716, 664, 69, 526, 463, 723]","[145, 333, 716, 117, 349, 131, 444, 770]"
133,"[617, 119, 781, 204, 324, 54, 71, 508]","[119, 343, 781, 189, 442, 40, 707, 68]","[744, 399, 329, 617, 280, 716, 235, 660]","[419, 739, 143, 710, 414, 444, 752, 649]","[119, 610, 363, 597, 186, 505, 265, 383]","[482, 120, 144, 376, 514, 312, 654, 721]","[251, 291, 288, 393, 186, 451, 367, 725]","[748, 408, 331, 620, 287, 722, 225, 664]","[715, 494, 184, 743, 539, 69, 496, 330]","[192, 309, 428, 780, 754, 617, 510, 421]","[714, 749, 716, 547, 669, 337, 251, 111]","[716, 770, 480, 668, 412, 145, 411, 583]"
134,"[791, 752, 113, 219, 343, 391, 119, 456]","[119, 231, 347, 527, 343, 755, 481, 754]","[744, 399, 329, 617, 280, 716, 235, 660]","[419, 739, 444, 414, 740, 710, 752, 103]","[610, 119, 383, 564, 186, 130, 674, 671]","[482, 653, 386, 683, 120, 721, 437, 473]","[597, 527, 493, 568, 428, 117, 163, 603]","[748, 408, 331, 620, 287, 722, 225, 664]","[715, 248, 528, 184, 496, 8, 451, 566]","[616, 754, 505, 182, 428, 144, 534, 76]","[714, 134, 465, 111, 0, 429, 263, 726]","[145, 645, 583, 349, 346, 714, 438, 716]"
135,"[101, 438, 376, 462, 343, 791, 231, 119]","[77, 490, 478, 370, 438, 9, 606, 291]","[744, 655, 329, 617, 700, 403, 235, 660]","[739, 414, 752, 710, 489, 172, 444, 643]","[671, 119, 610, 281, 115, 139, 564, 357]","[748, 520, 356, 482, 625, 721, 140, 577]","[114, 566, 146, 565, 393, 219, 324, 184]","[748, 649, 331, 620, 702, 410, 225, 664]","[715, 184, 743, 683, 451, 746, 296, 342]","[505, 428, 158, 182, 616, 534, 272, 76]","[465, 786, 129, 714, 347, 668, 412, 263]","[716, 777, 714, 588, 583, 595, 634, 429]"
136,"[791, 658, 442, 415, 77, 750, 744, 376]","[605, 328, 327, 775, 454, 478, 212, 347]","[744, 655, 329, 617, 588, 429, 235, 660]","[739, 710, 643, 115, 489, 344, 640, 665]","[119, 115, 139, 610, 564, 509, 671, 282]","[9, 748, 482, 773, 700, 42, 770, 396]","[653, 482, 671, 566, 312, 493, 184, 219]","[748, 649, 331, 620, 580, 419, 225, 664]","[715, 202, 743, 439, 326, 746, 661, 342]","[182, 175, 428, 672, 746, 521, 69, 144]","[501, 1, 484, 251, 463, 352, 25, 5]","[480, 195, 108, 286, 202, 327, 583, 542]"
137,"[119, 559, 791, 343, 313, 217, 349, 631]","[444, 181, 603, 51, 569, 624, 208, 277]","[744, 480, 329, 617, 14, 40, 89, 660]","[739, 710, 489, 564, 388, 320, 752, 658]","[610, 671, 119, 357, 313, 139, 385, 620]","[721, 770, 748, 188, 401, 251, 100, 265]","[8, 52, 671, 315, 312, 482, 185, 182]","[748, 485, 331, 620, 10, 42, 86, 664]","[202, 711, 397, 612, 96, 743, 521, 37]","[182, 428, 746, 184, 451, 98, 563, 355]","[747, 714, 524, 710, 50, 161, 52, 716]","[700, 276, 716, 286, 180, 394, 679, 608]"
138,"[444, 229, 370, 324, 272, 721, 200, 20]","[458, 324, 754, 181, 442, 111, 603, 355]","[119, 783, 329, 617, 412, 251, 536, 389]","[564, 46, 739, 710, 202, 752, 509, 753]","[357, 119, 610, 447, 254, 95, 509, 723]","[783, 482, 267, 470, 485, 433, 475, 38]","[117, 218, 185, 315, 114, 623, 671, 96]","[120, 786, 331, 620, 407, 243, 534, 393]","[743, 568, 539, 615, 605, 339, 704, 571]","[184, 144, 397, 427, 175, 207, 342, 289]","[733, 714, 404, 161, 72, 169, 411, 168]","[168, 286, 794, 271, 109, 480, 230, 251]"
139,"[391, 306, 611, 670, 696, 10, 51, 327]","[540, 423, 36, 324, 111, 442, 121, 366]","[444, 559, 492, 22, 366, 331, 597, 594]","[752, 710, 383, 794, 65, 564, 640, 579]","[610, 254, 357, 620, 763, 647, 226, 699]","[482, 773, 38, 291, 140, 625, 748, 641]","[615, 482, 0, 749, 185, 219, 173, 416]","[442, 565, 475, 25, 372, 335, 604, 602]","[339, 568, 397, 181, 337, 587, 539, 502]","[144, 184, 534, 708, 421, 605, 286, 437]","[602, 714, 744, 708, 131, 161, 169, 566]","[735, 286, 291, 109, 731, 138, 480, 251]"
140,"[600, 200, 14, 415, 277, 330, 345, 376]","[442, 111, 752, 444, 597, 754, 540, 740]","[301, 421, 492, 633, 340, 738, 570, 793]","[564, 470, 148, 640, 383, 739, 126, 391]","[119, 110, 254, 595, 226, 213, 620, 318]","[482, 13, 339, 614, 216, 230, 251, 773]","[699, 700, 493, 272, 114, 492, 370, 184]","[308, 428, 475, 642, 346, 745, 563, 792]","[339, 587, 415, 539, 568, 103, 700, 784]","[184, 615, 534, 144, 746, 308, 289, 319]","[158, 72, 91, 52, 411, 653, 90, 37]","[251, 650, 524, 777, 63, 731, 291, 714]"
141,"[465, 105, 200, 643, 538, 606, 242, 617]","[442, 597, 779, 473, 603, 742, 754, 793]","[301, 421, 492, 633, 340, 738, 570, 793]","[115, 564, 536, 420, 640, 9, 654, 7]","[254, 119, 438, 161, 213, 620, 9, 298]","[482, 474, 109, 402, 63, 536, 625, 366]","[474, 114, 52, 370, 614, 493, 376, 520]","[308, 428, 475, 642, 346, 745, 563, 792]","[704, 411, 539, 616, 690, 168, 566, 247]","[184, 144, 534, 616, 615, 447, 743, 437]","[743, 161, 33, 708, 169, 270, 72, 752]","[713, 419, 526, 195, 650, 634, 271, 439]"
142,"[112, 797, 443, 617, 151, 630, 231, 207]","[473, 701, 189, 83, 481, 754, 415, 175]","[541, 692, 492, 245, 616, 672, 289, 36]","[64, 324, 284, 365, 577, 7, 601, 244]","[254, 119, 752, 296, 526, 707, 595, 444]","[397, 45, 402, 452, 4, 527, 185, 721]","[474, 114, 614, 493, 376, 185, 52, 63]","[540, 694, 475, 250, 619, 676, 285, 40]","[616, 726, 425, 470, 617, 247, 326, 774]","[184, 784, 616, 144, 472, 232, 746, 337]","[161, 253, 465, 180, 142, 427, 29, 324]","[650, 68, 419, 429, 583, 749, 587, 444]"
143,"[545, 766, 739, 269, 151, 617, 231, 772]","[473, 189, 83, 754, 503, 482, 481, 415]","[541, 692, 492, 245, 781, 234, 289, 36]","[618, 375, 324, 739, 696, 550, 429, 643]","[254, 595, 444, 119, 298, 620, 198, 662]","[721, 749, 640, 474, 376, 737, 625, 485]","[474, 493, 114, 117, 126, 408, 434, 184]","[540, 694, 475, 250, 775, 224, 285, 40]","[393, 774, 616, 326, 425, 247, 437, 8]","[784, 144, 184, 342, 416, 640, 615, 658]","[465, 5, 524, 583, 161, 572, 91, 794]","[650, 735, 57, 24, 794, 450, 372, 786]"
144,"[319, 617, 773, 465, 342, 347, 652, 409]","[84, 324, 754, 83, 490, 739, 113, 382]","[52, 664, 279, 191, 92, 686, 511, 369]","[324, 618, 400, 313, 739, 484, 429, 696]","[119, 77, 269, 595, 95, 291, 444, 101]","[721, 614, 625, 470, 737, 760, 205, 520]","[184, 605, 476, 551, 69, 126, 144, 145]","[49, 672, 284, 188, 88, 684, 515, 359]","[616, 393, 774, 437, 788, 259, 8, 247]","[342, 534, 472, 232, 672, 453, 615, 416]","[465, 5, 161, 535, 583, 478, 439, 40]","[414, 650, 347, 500, 490, 74, 687, 674]"
145,"[707, 32, 305, 330, 419, 665, 120, 302]","[113, 382, 655, 754, 490, 540, 701, 481]","[52, 664, 279, 191, 92, 686, 511, 369]","[324, 739, 618, 351, 782, 64, 138, 313]","[119, 103, 77, 101, 36, 595, 794, 342]","[474, 688, 700, 696, 625, 748, 356, 737]","[476, 619, 614, 375, 434, 144, 247, 394]","[49, 672, 284, 188, 88, 684, 515, 359]","[756, 704, 616, 428, 393, 566, 464, 539]","[342, 76, 749, 563, 502, 690, 616, 175]","[465, 161, 583, 5, 40, 178, 56, 589]","[473, 414, 658, 291, 447, 478, 1, 349]"
146,"[773, 113, 324, 530, 314, 733, 32, 382]","[113, 382, 540, 701, 342, 37, 754, 752]","[52, 664, 279, 191, 552, 198, 511, 369]","[324, 568, 351, 467, 198, 121, 64, 420]","[36, 595, 77, 119, 752, 138, 444, 95]","[376, 298, 625, 748, 185, 474, 356, 98]","[794, 202, 497, 375, 120, 434, 63, 427]","[49, 672, 284, 188, 552, 194, 515, 359]","[624, 148, 393, 605, 683, 464, 566, 637]","[342, 76, 749, 690, 296, 563, 202, 616]","[775, 170, 342, 71, 5, 445, 638, 32]","[473, 414, 650, 71, 60, 349, 0, 100]"
147,"[324, 306, 32, 535, 442, 179, 11, 617]","[113, 701, 490, 83, 382, 754, 256, 446]","[274, 130, 279, 191, 352, 271, 202, 82]","[324, 351, 763, 121, 620, 198, 213, 739]","[36, 752, 77, 138, 595, 119, 444, 324]","[534, 376, 786, 185, 743, 625, 474, 315]","[289, 784, 324, 262, 130, 482, 602, 755]","[267, 130, 284, 188, 357, 275, 205, 77]","[616, 82, 775, 587, 796, 540, 393, 66]","[616, 534, 563, 472, 148, 523, 175, 313]","[346, 5, 25, 646, 142, 465, 664, 708]","[473, 650, 414, 518, 251, 129, 71, 439]"
148,"[324, 32, 424, 246, 97, 306, 493, 791]","[739, 382, 603, 324, 626, 754, 227, 349]","[180, 673, 279, 191, 358, 583, 467, 82]","[324, 351, 121, 198, 706, 520, 213, 763]","[119, 36, 595, 77, 752, 56, 497, 281]","[603, 285, 117, 474, 0, 534, 376, 56]","[117, 181, 701, 755, 482, 623, 376, 599]","[182, 677, 284, 188, 363, 587, 473, 77]","[331, 616, 137, 690, 704, 428, 637, 496]","[144, 397, 627, 284, 37, 572, 428, 743]","[5, 668, 195, 0, 68, 132, 708, 91]","[473, 501, 349, 135, 608, 251, 499, 287]"
149,"[32, 529, 296, 180, 503, 65, 200, 540]","[603, 324, 31, 490, 699, 696, 103, 305]","[284, 540, 122, 104, 103, 32, 710, 251]","[324, 560, 117, 121, 351, 644, 12, 108]","[119, 595, 36, 77, 752, 284, 419, 447]","[285, 761, 117, 474, 221, 306, 749, 216]","[755, 184, 623, 326, 181, 701, 205, 63]","[289, 539, 116, 107, 97, 38, 708, 243]","[616, 331, 788, 232, 690, 190, 7, 637]","[572, 76, 284, 397, 749, 144, 615, 164]","[68, 770, 528, 195, 439, 91, 638, 412]","[473, 412, 326, 501, 582, 465, 155, 451]"
150,"[122, 617, 104, 36, 366, 540, 442, 75]","[75, 490, 754, 603, 324, 21, 83, 207]","[684, 193, 122, 104, 241, 156, 710, 766]","[324, 271, 198, 692, 65, 633, 83, 131]","[119, 36, 335, 595, 536, 77, 740, 95]","[216, 221, 474, 761, 117, 19, 565, 424]","[755, 63, 326, 482, 120, 458, 402, 45]","[683, 189, 116, 107, 246, 155, 708, 759]","[637, 247, 690, 326, 496, 617, 621, 780]","[76, 615, 788, 567, 284, 749, 144, 428]","[68, 528, 195, 5, 91, 734, 412, 638]","[473, 465, 117, 135, 326, 583, 582, 172]"
151,"[617, 36, 113, 55, 159, 200, 540, 320]","[382, 754, 419, 302, 732, 345, 342, 560]","[298, 335, 122, 742, 795, 424, 188, 234]","[83, 324, 141, 117, 379, 195, 624, 387]","[119, 36, 335, 595, 56, 77, 752, 544]","[474, 183, 534, 441, 402, 221, 48, 749]","[41, 402, 599, 485, 68, 397, 326, 434]","[304, 328, 116, 746, 796, 430, 187, 224]","[449, 496, 617, 637, 247, 604, 690, 545]","[615, 397, 743, 496, 308, 567, 40, 546]","[5, 638, 195, 91, 581, 412, 734, 528]","[465, 473, 518, 524, 25, 334, 664, 230]"
152,"[617, 113, 560, 276, 36, 75, 200, 540]","[382, 421, 581, 327, 2, 569, 732, 198]","[501, 717, 143, 772, 784, 655, 739, 271]","[83, 324, 330, 269, 634, 620, 117, 732]","[595, 119, 335, 77, 643, 189, 692, 281]","[643, 604, 363, 377, 4, 534, 531, 72]","[527, 259, 376, 394, 265, 239, 614, 623]","[497, 724, 145, 774, 782, 649, 721, 275]","[324, 637, 247, 496, 98, 232, 617, 326]","[615, 496, 428, 397, 319, 20, 743, 127]","[638, 528, 395, 555, 134, 513, 323, 293]","[547, 25, 452, 518, 48, 542, 404, 468]"
153,"[540, 36, 617, 323, 655, 325, 347, 544]","[382, 739, 55, 781, 230, 481, 485, 674]","[13, 6, 143, 772, 462, 480, 739, 103]","[83, 324, 634, 44, 620, 632, 327, 178]","[335, 722, 101, 645, 628, 71, 291, 448]","[534, 680, 266, 324, 144, 4, 619, 355]","[453, 664, 186, 120, 527, 780, 326, 56]","[16, 9, 145, 774, 449, 485, 721, 97]","[496, 637, 418, 280, 82, 728, 324, 764]","[615, 309, 139, 563, 91, 40, 428, 232]","[638, 10, 81, 474, 53, 72, 91, 110]","[397, 40, 99, 549, 272, 463, 171, 374]"
154,"[494, 617, 382, 569, 265, 9, 691, 594]","[382, 481, 231, 781, 493, 55, 674, 230]","[627, 551, 301, 121, 44, 631, 505, 483]","[83, 324, 634, 330, 138, 268, 65, 620]","[335, 595, 628, 478, 600, 536, 421, 424]","[534, 658, 112, 237, 144, 221, 160, 296]","[784, 82, 247, 453, 464, 485, 120, 117]","[633, 551, 308, 122, 48, 622, 509, 467]","[615, 496, 428, 367, 795, 308, 540, 365]","[309, 428, 572, 69, 181, 571, 531, 367]","[475, 789, 260, 638, 426, 471, 312, 486]","[397, 259, 171, 518, 499, 711, 342, 707]"
155,"[752, 161, 442, 260, 142, 63, 382, 250]","[382, 481, 715, 597, 29, 485, 665, 178]","[486, 504, 52, 83, 528, 631, 205, 588]","[83, 324, 634, 620, 160, 523, 138, 461]","[194, 643, 156, 696, 478, 595, 536, 291]","[221, 178, 144, 761, 339, 406, 148, 617]","[186, 510, 402, 464, 784, 453, 737, 482]","[469, 508, 49, 85, 528, 622, 202, 580]","[496, 428, 96, 308, 627, 764, 572, 615]","[428, 152, 309, 330, 539, 69, 604, 619]","[594, 789, 438, 634, 638, 655, 334, 0]","[397, 155, 582, 259, 583, 171, 726, 571]"
156,"[617, 76, 318, 259, 597, 0, 309, 442]","[189, 713, 609, 345, 699, 597, 577, 481]","[486, 504, 52, 83, 528, 631, 205, 14]","[83, 324, 634, 117, 462, 704, 301, 632]","[478, 226, 497, 732, 179, 643, 763, 194]","[87, 329, 324, 631, 686, 370, 219, 795]","[677, 120, 289, 298, 402, 144, 664, 619]","[469, 508, 49, 85, 528, 622, 202, 10]","[603, 470, 496, 428, 342, 768, 615, 504]","[428, 572, 591, 476, 326, 40, 795, 563]","[386, 21, 789, 14, 411, 305, 204, 768]","[310, 735, 582, 583, 259, 155, 117, 779]"
157,"[342, 89, 701, 159, 617, 142, 463, 733]","[189, 298, 71, 481, 345, 533, 614, 342]","[770, 79, 684, 625, 163, 631, 205, 632]","[83, 324, 634, 663, 121, 696, 213, 706]","[595, 117, 414, 421, 336, 230, 101, 665]","[321, 406, 544, 622, 617, 370, 4, 224]","[482, 247, 737, 664, 321, 784, 540, 324]","[773, 80, 683, 611, 162, 622, 202, 637]","[367, 428, 615, 96, 468, 342, 453, 94]","[571, 76, 309, 96, 749, 572, 133, 496]","[749, 248, 393, 266, 162, 655, 789, 475]","[735, 171, 140, 52, 56, 259, 236, 443]"
158,"[142, 165, 463, 733, 419, 63, 442, 382]","[122, 189, 783, 342, 752, 309, 526, 674]","[454, 760, 298, 360, 763, 631, 205, 366]","[83, 324, 634, 385, 696, 85, 213, 281]","[117, 595, 421, 282, 672, 189, 226, 734]","[321, 4, 406, 251, 416, 370, 616, 617]","[737, 664, 247, 540, 482, 84, 456, 321]","[458, 756, 304, 365, 771, 622, 202, 372]","[342, 615, 571, 568, 428, 175, 133, 182]","[76, 571, 309, 572, 96, 617, 496, 198]","[204, 327, 705, 184, 53, 735, 386, 651]","[735, 171, 56, 638, 117, 794, 259, 236]"
159,"[142, 643, 342, 485, 382, 733, 237, 782]","[408, 723, 304, 352, 68, 298, 773, 189]","[320, 128, 532, 246, 318, 631, 205, 616]","[83, 634, 121, 385, 689, 492, 570, 174]","[230, 632, 544, 595, 449, 600, 141, 730]","[321, 4, 251, 335, 406, 416, 370, 616]","[737, 664, 326, 482, 178, 654, 247, 578]","[318, 128, 533, 251, 319, 622, 202, 619]","[182, 728, 342, 615, 571, 428, 232, 40]","[309, 133, 591, 606, 690, 749, 780, 751]","[638, 452, 204, 142, 334, 634, 238, 168]","[171, 272, 404, 735, 117, 140, 576, 706]"
160,"[142, 342, 382, 400, 44, 442, 733, 786]","[699, 189, 786, 254, 68, 472, 597, 178]","[135, 747, 286, 347, 17, 631, 205, 781]","[104, 89, 240, 689, 369, 634, 121, 746]","[595, 268, 279, 606, 281, 392, 358, 600]","[539, 321, 370, 4, 144, 406, 421, 671]","[737, 84, 284, 247, 637, 540, 625, 133]","[132, 751, 278, 350, 19, 622, 202, 775]","[182, 615, 571, 428, 342, 449, 496, 495]","[604, 780, 40, 477, 355, 30, 96, 9]","[764, 770, 540, 178, 412, 638, 16, 452]","[442, 735, 117, 163, 323, 168, 71, 171]"
161,"[142, 214, 246, 342, 327, 302, 75, 733]","[189, 699, 75, 490, 786, 421, 178, 264]","[135, 747, 286, 347, 17, 631, 205, 781]","[746, 89, 240, 517, 104, 369, 114, 61]","[456, 595, 282, 141, 606, 9, 426, 281]","[120, 749, 4, 370, 286, 338, 375, 144]","[342, 625, 68, 605, 737, 713, 427, 394]","[132, 751, 278, 350, 19, 622, 202, 775]","[182, 571, 428, 615, 342, 425, 496, 714]","[604, 571, 273, 740, 501, 710, 470, 617]","[324, 712, 105, 770, 422, 452, 643, 97]","[350, 771, 735, 323, 271, 171, 731, 638]"
162,"[142, 246, 159, 733, 342, 335, 55, 497]","[699, 189, 786, 39, 741, 421, 75, 630]","[712, 747, 392, 377, 474, 631, 205, 473]","[304, 114, 746, 12, 121, 333, 473, 634]","[141, 595, 282, 634, 318, 426, 281, 9]","[749, 365, 727, 0, 120, 748, 616, 375]","[68, 540, 790, 451, 342, 671, 625, 321]","[713, 751, 397, 379, 480, 622, 202, 479]","[571, 428, 575, 523, 139, 496, 162, 8]","[571, 604, 496, 367, 313, 40, 291, 210]","[324, 638, 756, 53, 475, 105, 178, 115]","[115, 455, 170, 53, 117, 794, 463, 25]"
163,"[342, 611, 204, 63, 335, 588, 617, 297]","[699, 421, 490, 786, 75, 696, 14, 181]","[600, 560, 77, 563, 118, 631, 433, 352]","[473, 114, 121, 89, 304, 704, 12, 104]","[634, 178, 740, 696, 301, 124, 426, 9]","[459, 4, 296, 749, 137, 230, 421, 120]","[790, 342, 68, 272, 745, 219, 451, 178]","[606, 555, 79, 566, 119, 622, 425, 357]","[428, 238, 395, 175, 672, 584, 9, 326]","[715, 326, 575, 571, 96, 91, 286, 604]","[475, 576, 109, 180, 369, 0, 220, 794]","[231, 735, 455, 52, 115, 705, 117, 664]"
164,"[204, 342, 0, 752, 75, 617, 442, 357]","[699, 421, 766, 786, 490, 541, 75, 55]","[196, 2, 89, 117, 682, 631, 433, 726]","[89, 121, 304, 12, 473, 102, 689, 75]","[178, 634, 194, 606, 189, 426, 123, 595]","[696, 651, 315, 437, 324, 724, 598, 11]","[272, 434, 9, 329, 236, 139, 613, 482]","[192, 3, 86, 118, 681, 622, 425, 718]","[93, 428, 8, 754, 572, 470, 69, 683]","[715, 55, 575, 238, 306, 91, 502, 568]","[475, 374, 422, 183, 478, 109, 40, 499]","[117, 735, 0, 614, 115, 140, 649, 236]"
165,"[342, 752, 617, 781, 655, 75, 204, 335]","[699, 421, 75, 786, 617, 181, 710, 607]","[697, 109, 536, 638, 173, 631, 433, 723]","[75, 89, 121, 12, 473, 102, 492, 704]","[194, 419, 722, 189, 318, 424, 166, 178]","[406, 99, 775, 144, 783, 324, 288, 52]","[342, 265, 287, 145, 309, 701, 386, 175]","[699, 110, 534, 627, 175, 622, 425, 717]","[754, 428, 482, 8, 572, 470, 675, 69]","[715, 298, 568, 604, 540, 130, 69, 181]","[475, 467, 499, 789, 40, 490, 327, 749]","[117, 526, 669, 231, 649, 40, 131, 68]"
166,"[342, 617, 752, 204, 530, 63, 781, 111]","[699, 421, 181, 259, 786, 344, 553, 178]","[530, 109, 597, 60, 173, 631, 433, 47]","[12, 75, 89, 121, 339, 473, 704, 492]","[595, 194, 178, 648, 101, 600, 710, 722]","[421, 120, 749, 406, 497, 295, 219, 324]","[342, 265, 4, 321, 42, 43, 332, 482]","[529, 110, 604, 60, 175, 622, 425, 39]","[754, 482, 428, 294, 462, 425, 8, 324]","[715, 289, 60, 575, 537, 604, 568, 681]","[537, 180, 448, 25, 40, 168, 638, 145]","[231, 40, 412, 676, 90, 484, 97, 417]"
167,"[617, 342, 772, 396, 146, 215, 261, 762]","[447, 178, 421, 645, 57, 786, 409, 335]","[596, 545, 289, 90, 733, 350, 762, 343]","[12, 89, 75, 121, 689, 466, 706, 191]","[178, 488, 101, 722, 377, 123, 375, 194]","[497, 749, 120, 8, 568, 406, 324, 144]","[692, 394, 342, 247, 625, 482, 470, 4]","[582, 544, 285, 87, 737, 351, 769, 347]","[482, 8, 428, 324, 326, 425, 93, 82]","[715, 442, 604, 273, 289, 651, 386, 679]","[231, 207, 180, 545, 704, 528, 648, 145]","[99, 40, 412, 463, 52, 231, 146, 68]"
168,"[611, 649, 280, 296, 342, 728, 260, 741]","[421, 178, 189, 389, 453, 699, 609, 376]","[123, 545, 289, 216, 733, 350, 762, 343]","[89, 75, 689, 309, 192, 492, 251, 617]","[595, 244, 194, 554, 777, 755, 750, 279]","[497, 120, 324, 144, 749, 68, 51, 616]","[482, 133, 272, 218, 625, 342, 247, 567]","[123, 544, 285, 211, 737, 351, 769, 347]","[482, 428, 326, 8, 324, 425, 572, 69]","[715, 617, 69, 224, 289, 84, 453, 85]","[789, 694, 474, 25, 231, 732, 74, 236]","[463, 438, 231, 99, 695, 500, 467, 603]"
169,"[342, 696, 400, 142, 511, 175, 233, 456]","[421, 335, 626, 83, 342, 541, 302, 535]","[123, 545, 289, 216, 733, 350, 762, 343]","[89, 75, 689, 207, 617, 706, 106, 121]","[279, 600, 101, 189, 421, 265, 750, 420]","[30, 120, 119, 324, 144, 63, 706, 107]","[482, 406, 272, 457, 700, 625, 68, 337]","[123, 544, 285, 211, 737, 351, 769, 347]","[482, 428, 8, 326, 331, 453, 101, 273]","[715, 84, 69, 728, 545, 329, 277, 537]","[770, 789, 231, 4, 694, 334, 52, 66]","[786, 438, 412, 99, 346, 747, 110, 377]"
170,"[342, 768, 90, 174, 511, 413, 302, 142]","[421, 342, 626, 335, 83, 535, 541, 753]","[121, 416, 202, 690, 626, 350, 762, 522]","[75, 689, 617, 121, 734, 41, 424, 14]","[101, 722, 194, 268, 600, 607, 189, 421]","[120, 144, 537, 469, 63, 347, 37, 618]","[198, 309, 133, 273, 406, 534, 171, 326]","[122, 426, 205, 691, 631, 351, 769, 522]","[482, 760, 49, 324, 8, 751, 348, 318]","[715, 84, 617, 728, 411, 277, 724, 98]","[770, 163, 231, 686, 477, 474, 320, 52]","[53, 171, 272, 0, 146, 412, 664, 651]"
171,"[611, 142, 566, 485, 530, 49, 511, 535]","[83, 421, 491, 699, 553, 544, 175, 101]","[481, 519, 467, 740, 256, 350, 762, 126]","[75, 689, 56, 721, 112, 430, 678, 121]","[421, 194, 600, 722, 750, 753, 268, 166]","[120, 144, 97, 496, 690, 177, 692, 68]","[339, 309, 534, 683, 144, 590, 272, 139]","[487, 521, 473, 723, 245, 351, 769, 126]","[482, 683, 291, 326, 589, 437, 98, 672]","[715, 84, 568, 617, 483, 470, 269, 130]","[80, 696, 231, 770, 474, 68, 145, 115]","[603, 68, 171, 140, 216, 0, 526, 364]"
172,"[142, 611, 561, 511, 552, 535, 692, 566]","[491, 699, 83, 421, 391, 175, 424, 535]","[585, 328, 788, 234, 440, 212, 372, 259]","[75, 689, 121, 56, 607, 421, 173, 14]","[421, 268, 600, 436, 710, 536, 750, 194]","[120, 458, 144, 433, 230, 118, 631, 251]","[144, 273, 359, 749, 397, 58, 775, 534]","[576, 330, 789, 224, 437, 216, 361, 256]","[589, 482, 326, 157, 400, 96, 618, 437]","[715, 84, 728, 496, 575, 483, 266, 197]","[770, 345, 289, 776, 412, 409, 0, 323]","[443, 271, 733, 44, 649, 770, 412, 659]"
173,"[342, 382, 452, 511, 180, 689, 142, 145]","[175, 355, 421, 752, 110, 660, 117, 614]","[625, 328, 790, 198, 440, 212, 372, 253]","[689, 609, 173, 421, 65, 413, 717, 620]","[421, 268, 600, 436, 536, 281, 710, 244]","[120, 779, 144, 82, 433, 671, 406, 63]","[144, 697, 482, 604, 324, 175, 58, 277]","[611, 330, 791, 194, 437, 216, 361, 255]","[589, 306, 709, 7, 482, 797, 234, 612]","[715, 496, 575, 728, 483, 531, 749, 160]","[707, 50, 705, 124, 734, 289, 528, 140]","[140, 123, 53, 638, 554, 443, 582, 344]"
174,"[754, 342, 717, 489, 382, 145, 577, 665]","[553, 117, 463, 175, 421, 391, 75, 110]","[500, 368, 54, 342, 618, 212, 357, 497]","[689, 579, 135, 600, 620, 101, 609, 56]","[421, 600, 268, 715, 436, 710, 281, 750]","[696, 251, 779, 679, 120, 671, 646, 48]","[625, 501, 342, 704, 289, 272, 783, 219]","[505, 373, 51, 333, 623, 216, 360, 504]","[589, 797, 51, 482, 262, 469, 7, 728]","[715, 496, 575, 617, 483, 606, 749, 308]","[44, 131, 179, 108, 295, 448, 146, 734]","[140, 649, 260, 734, 171, 321, 272, 101]"
175,"[204, 772, 566, 597, 739, 530, 634, 302]","[463, 553, 421, 117, 175, 75, 523, 597]","[246, 368, 54, 241, 618, 212, 357, 497]","[689, 177, 101, 418, 777, 77, 509, 95]","[421, 710, 600, 281, 426, 268, 588, 436]","[406, 118, 502, 63, 230, 671, 384, 742]","[289, 631, 308, 625, 342, 272, 4, 232]","[251, 373, 51, 246, 623, 216, 360, 504]","[589, 797, 482, 133, 7, 181, 226, 158]","[715, 617, 575, 749, 496, 483, 280, 419]","[99, 734, 503, 618, 145, 526, 272, 659]","[140, 320, 734, 649, 528, 443, 608, 526]"
176,"[335, 566, 730, 793, 214, 738, 408, 697]","[456, 708, 786, 342, 773, 710, 655, 732]","[347, 554, 559, 602, 238, 212, 357, 777]","[689, 449, 33, 110, 764, 9, 536, 690]","[421, 710, 600, 529, 436, 265, 135, 554]","[120, 779, 710, 631, 56, 164, 63, 237]","[631, 363, 289, 232, 284, 534, 272, 575]","[350, 554, 565, 595, 230, 216, 360, 780]","[589, 797, 482, 40, 324, 679, 254, 189]","[715, 575, 496, 606, 483, 418, 749, 148]","[376, 734, 42, 287, 614, 272, 689, 735]","[140, 775, 52, 419, 443, 649, 630, 734]"
177,"[335, 443, 566, 305, 535, 420, 481, 589]","[744, 553, 612, 549, 421, 276, 213, 490]","[426, 44, 421, 244, 750, 755, 220, 425]","[689, 641, 28, 745, 704, 110, 609, 367]","[421, 710, 436, 194, 600, 268, 554, 271]","[749, 664, 457, 120, 546, 40, 288, 588]","[631, 640, 495, 700, 4, 76, 563, 158]","[433, 48, 428, 249, 755, 762, 214, 432]","[589, 679, 797, 482, 324, 232, 40, 599]","[715, 575, 496, 483, 469, 329, 85, 606]","[694, 99, 242, 526, 272, 790, 66, 655]","[140, 638, 344, 649, 320, 412, 786, 419]"
178,"[566, 736, 489, 305, 589, 481, 111, 728]","[491, 117, 421, 744, 722, 202, 394, 110]","[563, 44, 692, 784, 750, 755, 220, 786]","[502, 689, 94, 500, 421, 254, 110, 101]","[421, 568, 194, 436, 691, 710, 554, 281]","[749, 120, 48, 743, 63, 184, 675, 176]","[421, 284, 534, 790, 168, 272, 100, 4]","[566, 48, 694, 782, 755, 762, 214, 785]","[589, 797, 324, 679, 482, 40, 456, 397]","[715, 442, 575, 617, 85, 797, 130, 168]","[101, 694, 50, 415, 202, 9, 68, 138]","[334, 344, 138, 571, 649, 230, 67, 668]"
179,"[754, 614, 305, 68, 713, 535, 481, 566]","[139, 536, 360, 597, 655, 254, 273, 541]","[437, 44, 664, 483, 750, 755, 220, 786]","[689, 546, 124, 68, 567, 421, 270, 544]","[421, 268, 194, 710, 722, 281, 777, 269]","[749, 93, 743, 394, 63, 430, 664, 52]","[764, 296, 168, 734, 272, 119, 472, 456]","[435, 48, 672, 467, 755, 762, 214, 785]","[589, 797, 482, 324, 679, 40, 346, 441]","[442, 715, 797, 646, 85, 98, 130, 291]","[617, 668, 719, 334, 194, 222, 43, 99]","[638, 439, 686, 334, 452, 230, 649, 68]"
180,"[156, 29, 614, 753, 754, 412, 566, 68]","[536, 143, 254, 273, 597, 139, 360, 744]","[117, 44, 130, 462, 750, 755, 220, 786]","[689, 296, 776, 412, 557, 291, 421, 567]","[421, 268, 281, 194, 710, 722, 143, 594]","[749, 743, 470, 668, 664, 309, 428, 114]","[421, 40, 700, 540, 428, 790, 277, 588]","[118, 48, 130, 449, 755, 762, 214, 785]","[589, 797, 679, 324, 482, 575, 385, 494]","[797, 715, 85, 494, 400, 690, 442, 347]","[456, 722, 334, 99, 668, 503, 422, 50]","[230, 638, 168, 272, 773, 344, 618, 14]"
181,"[98, 394, 430, 111, 754, 307, 242, 535]","[139, 536, 360, 110, 254, 561, 541, 752]","[638, 528, 611, 412, 12, 755, 327, 68]","[421, 101, 624, 680, 573, 281, 704, 191]","[421, 268, 536, 214, 320, 269, 777, 710]","[749, 706, 743, 315, 397, 664, 52, 181]","[540, 272, 232, 421, 770, 286, 202, 453]","[627, 528, 617, 407, 14, 762, 326, 67]","[797, 482, 324, 679, 630, 447, 494, 82]","[715, 442, 797, 85, 112, 51, 796, 496]","[52, 85, 50, 20, 456, 676, 334, 528]","[465, 334, 638, 321, 442, 4, 526, 433]"
182,"[91, 98, 754, 111, 378, 511, 674, 145]","[139, 752, 728, 490, 254, 49, 491, 697]","[60, 528, 611, 366, 12, 755, 327, 68]","[704, 421, 110, 732, 779, 191, 105, 101]","[421, 268, 777, 529, 251, 699, 131, 738]","[749, 743, 162, 437, 63, 706, 387, 114]","[701, 272, 377, 232, 4, 286, 48, 443]","[60, 528, 617, 372, 14, 762, 326, 67]","[797, 324, 482, 679, 82, 575, 407, 313]","[715, 797, 85, 442, 130, 496, 540, 476]","[50, 85, 52, 725, 342, 334, 93, 528]","[526, 608, 603, 433, 645, 50, 752, 171]"
183,"[382, 535, 754, 175, 511, 111, 117, 142]","[728, 110, 254, 421, 589, 456, 467, 593]","[464, 528, 611, 340, 12, 755, 327, 68]","[621, 488, 600, 534, 68, 358, 704, 101]","[421, 699, 268, 755, 693, 500, 355, 740]","[288, 749, 41, 743, 612, 621, 385, 796]","[4, 572, 291, 272, 326, 495, 690, 21]","[470, 528, 617, 346, 14, 762, 326, 67]","[797, 82, 434, 84, 711, 494, 540, 519]","[715, 797, 85, 496, 259, 780, 504, 432]","[528, 85, 50, 794, 334, 705, 20, 218]","[608, 334, 443, 210, 723, 465, 780, 411]"
184,"[511, 55, 98, 520, 569, 406, 347, 620]","[85, 706, 697, 0, 597, 536, 640, 342]","[90, 163, 540, 616, 533, 755, 327, 459]","[68, 14, 9, 600, 110, 502, 488, 497]","[268, 699, 327, 745, 51, 591, 449, 557]","[743, 125, 288, 697, 572, 237, 184, 255]","[783, 589, 572, 790, 326, 63, 272, 4]","[87, 162, 539, 619, 531, 762, 326, 465]","[797, 84, 494, 89, 82, 521, 575, 272]","[715, 797, 160, 494, 85, 749, 98, 430]","[85, 50, 268, 289, 397, 115, 528, 480]","[608, 526, 137, 74, 465, 80, 776, 666]"
185,"[511, 726, 535, 345, 264, 361, 634, 473]","[536, 697, 173, 490, 352, 497, 444, 458]","[429, 163, 745, 552, 587, 755, 327, 226]","[68, 502, 254, 541, 488, 600, 166, 609]","[268, 706, 699, 39, 550, 755, 7, 554]","[749, 11, 715, 743, 779, 250, 427, 554]","[589, 284, 783, 267, 790, 699, 324, 572]","[419, 162, 738, 552, 590, 762, 326, 232]","[797, 84, 494, 606, 284, 575, 728, 205]","[797, 749, 590, 160, 743, 494, 690, 329]","[334, 68, 760, 768, 171, 79, 50, 354]","[526, 334, 443, 608, 304, 324, 696, 597]"
186,"[347, 511, 780, 360, 620, 180, 745, 175]","[490, 786, 99, 143, 458, 553, 267, 697]","[429, 163, 745, 552, 587, 755, 327, 226]","[502, 509, 704, 488, 679, 39, 606, 421]","[7, 517, 699, 12, 689, 39, 621, 591]","[743, 133, 11, 745, 661, 664, 715, 288]","[326, 783, 427, 183, 531, 790, 291, 589]","[419, 162, 738, 552, 590, 762, 326, 232]","[797, 84, 106, 50, 82, 736, 753, 205]","[797, 749, 160, 590, 743, 494, 329, 98]","[50, 68, 555, 528, 289, 171, 234, 526]","[443, 638, 526, 96, 394, 620, 248, 608]"
187,"[347, 175, 84, 660, 131, 360, 573, 511]","[110, 342, 421, 143, 786, 573, 697, 710]","[429, 163, 745, 358, 587, 755, 327, 226]","[488, 39, 421, 354, 509, 609, 665, 9]","[114, 104, 746, 12, 333, 240, 102, 369]","[749, 488, 87, 11, 368, 743, 589, 690]","[496, 589, 326, 291, 48, 406, 324, 309]","[419, 162, 738, 363, 590, 762, 326, 232]","[797, 84, 569, 50, 590, 683, 658, 41]","[797, 329, 286, 780, 73, 168, 42, 788]","[68, 563, 455, 673, 115, 766, 218, 364]","[394, 115, 608, 638, 668, 443, 526, 260]"
188,"[511, 739, 634, 347, 117, 414, 624, 795]","[342, 617, 357, 545, 18, 99, 697, 793]","[40, 763, 335, 142, 330, 564, 312, 343]","[609, 421, 594, 101, 738, 112, 579, 600]","[339, 102, 442, 61, 12, 104, 746, 751]","[330, 68, 118, 11, 715, 342, 111, 575]","[496, 326, 589, 120, 229, 566, 617, 160]","[42, 771, 328, 144, 327, 568, 306, 347]","[797, 50, 320, 141, 590, 175, 487, 718]","[797, 780, 9, 502, 197, 630, 545, 504]","[68, 480, 456, 196, 526, 768, 735, 705]","[638, 678, 782, 526, 608, 486, 394, 115]"
189,"[224, 511, 347, 302, 449, 110, 678, 94]","[342, 617, 632, 536, 589, 264, 0, 173]","[740, 318, 102, 799, 330, 564, 333, 522]","[421, 39, 462, 712, 750, 579, 600, 541]","[746, 12, 442, 114, 89, 304, 104, 240]","[502, 118, 539, 784, 623, 789, 367, 743]","[4, 120, 41, 496, 589, 63, 175, 617]","[723, 319, 94, 798, 327, 568, 337, 522]","[797, 139, 309, 208, 168, 504, 130, 325]","[797, 331, 38, 694, 476, 456, 94, 27]","[258, 526, 596, 462, 320, 397, 705, 687]","[526, 638, 608, 159, 9, 50, 548, 555]"
190,"[634, 360, 511, 347, 244, 597, 46, 145]","[632, 342, 291, 98, 609, 793, 730, 717]","[766, 474, 521, 496, 778, 605, 168, 126]","[579, 421, 39, 600, 567, 436, 258, 9]","[442, 12, 689, 304, 114, 89, 333, 699]","[693, 91, 367, 69, 184, 232, 539, 572]","[4, 120, 175, 589, 496, 406, 571, 606]","[759, 480, 520, 501, 770, 609, 168, 126]","[797, 355, 780, 168, 79, 76, 69, 14]","[797, 679, 566, 272, 701, 7, 296, 693]","[691, 420, 480, 9, 526, 272, 397, 633]","[608, 526, 638, 66, 758, 266, 115, 418]"
191,"[89, 307, 63, 634, 473, 754, 511, 536]","[632, 536, 670, 342, 634, 264, 793, 648]","[198, 458, 514, 367, 778, 539, 476, 253]","[579, 600, 421, 9, 279, 151, 261, 39]","[442, 304, 12, 89, 749, 338, 473, 333]","[394, 145, 617, 539, 623, 726, 411, 523]","[589, 406, 788, 494, 63, 575, 496, 679]","[194, 464, 502, 355, 770, 537, 462, 255]","[355, 797, 563, 92, 701, 505, 192, 427]","[797, 566, 603, 97, 602, 434, 272, 190]","[526, 338, 676, 687, 480, 404, 159, 689]","[638, 526, 608, 156, 528, 186, 210, 115]"
192,"[634, 89, 63, 739, 754, 175, 511, 473]","[342, 536, 697, 662, 264, 632, 609, 357]","[198, 458, 514, 367, 778, 539, 476, 253]","[579, 421, 178, 39, 740, 258, 600, 567]","[442, 12, 473, 749, 89, 407, 643, 333]","[21, 394, 182, 145, 91, 623, 58, 540]","[589, 308, 406, 575, 563, 496, 572, 120]","[194, 464, 502, 355, 770, 537, 462, 255]","[505, 797, 476, 192, 161, 791, 42, 591]","[797, 753, 606, 694, 701, 453, 603, 272]","[689, 526, 156, 138, 116, 9, 480, 397]","[69, 526, 287, 312, 132, 608, 477, 66]"
193,"[669, 663, 63, 697, 786, 754, 357, 117]","[63, 328, 335, 697, 89, 299, 342, 214]","[342, 797, 787, 76, 56, 397, 88, 497]","[579, 421, 178, 600, 617, 39, 567, 95]","[473, 442, 333, 369, 782, 207, 39, 92]","[21, 182, 91, 326, 68, 563, 184, 539]","[55, 120, 496, 606, 575, 87, 571, 308]","[333, 794, 787, 78, 58, 404, 82, 504]","[797, 192, 161, 85, 591, 208, 427, 476]","[797, 487, 679, 694, 197, 606, 272, 701]","[484, 526, 9, 582, 175, 256, 587, 705]","[346, 115, 608, 537, 186, 756, 43, 734]"
194,"[404, 63, 754, 541, 626, 175, 89, 16]","[697, 299, 335, 529, 643, 793, 98, 739]","[14, 733, 320, 442, 56, 382, 594, 68]","[579, 421, 600, 679, 617, 281, 606, 536]","[473, 442, 333, 158, 554, 706, 776, 396]","[148, 47, 700, 706, 273, 255, 728, 617]","[120, 688, 691, 308, 73, 572, 713, 458]","[10, 737, 318, 440, 58, 381, 602, 67]","[797, 192, 161, 591, 208, 514, 397, 518]","[797, 197, 618, 679, 432, 229, 701, 658]","[526, 9, 649, 582, 416, 694, 517, 630]","[608, 528, 156, 186, 346, 770, 81, 115]"
195,"[63, 16, 175, 697, 786, 142, 554, 689]","[342, 697, 630, 591, 500, 404, 793, 652]","[632, 733, 712, 442, 56, 382, 36, 391]","[579, 421, 600, 617, 679, 740, 497, 536]","[473, 442, 333, 706, 554, 536, 776, 210]","[294, 255, 605, 240, 623, 715, 734, 799]","[534, 120, 718, 425, 437, 743, 338, 790]","[637, 737, 713, 440, 58, 381, 40, 394]","[514, 192, 797, 591, 208, 384, 334, 563]","[797, 606, 701, 456, 197, 272, 196, 365]","[456, 582, 480, 526, 717, 681, 158, 171]","[608, 770, 376, 528, 526, 43, 156, 115]"
196,"[142, 14, 117, 613, 504, 744, 715, 89]","[663, 744, 454, 453, 609, 591, 772, 63]","[632, 733, 712, 442, 56, 382, 36, 391]","[579, 600, 244, 617, 95, 402, 282, 679]","[442, 333, 699, 689, 554, 755, 704, 89]","[605, 323, 451, 714, 704, 201, 308, 159]","[120, 425, 327, 617, 572, 790, 437, 646]","[637, 737, 713, 440, 58, 381, 40, 394]","[514, 797, 591, 208, 289, 42, 559, 476]","[797, 502, 540, 272, 701, 346, 599, 197]","[191, 758, 456, 236, 484, 272, 9, 342]","[320, 44, 427, 170, 636, 768, 571, 790]"
197,"[89, 142, 674, 161, 481, 535, 454, 145]","[632, 609, 130, 509, 689, 256, 265, 573]","[353, 626, 600, 383, 69, 524, 82, 226]","[579, 95, 139, 244, 301, 279, 265, 268]","[442, 333, 699, 689, 554, 755, 704, 89]","[723, 184, 394, 182, 704, 502, 709, 568]","[120, 788, 749, 168, 565, 425, 129, 37]","[349, 631, 606, 384, 70, 525, 77, 232]","[797, 514, 208, 591, 701, 289, 730, 331]","[797, 272, 197, 196, 236, 168, 7, 346]","[456, 272, 551, 236, 81, 260, 480, 186]","[186, 617, 44, 158, 589, 321, 526, 176]"
198,"[634, 786, 597, 83, 754, 481, 89, 175]","[632, 609, 509, 74, 713, 402, 269, 589]","[161, 697, 300, 445, 452, 609, 278, 799]","[579, 776, 268, 214, 193, 77, 216, 178]","[442, 333, 699, 689, 554, 755, 704, 89]","[715, 714, 155, 704, 202, 82, 184, 496]","[120, 749, 606, 425, 496, 428, 568, 438]","[160, 699, 294, 447, 456, 616, 283, 798]","[514, 797, 476, 701, 590, 289, 563, 21]","[797, 197, 272, 346, 7, 196, 769, 236]","[146, 194, 438, 582, 172, 9, 364, 54]","[158, 528, 44, 32, 337, 673, 734, 50]"
199,"[597, 634, 75, 754, 535, 710, 481, 640]","[744, 762, 630, 640, 291, 696, 146, 593]","[161, 697, 300, 445, 452, 609, 278, 799]","[579, 776, 268, 536, 575, 327, 108, 529]","[333, 699, 689, 554, 755, 704, 89, 198]","[715, 184, 496, 255, 707, 704, 20, 535]","[120, 309, 401, 496, 568, 751, 614, 566]","[160, 699, 294, 447, 456, 616, 283, 798]","[797, 701, 563, 476, 309, 575, 284, 289]","[797, 434, 197, 606, 272, 65, 101, 701]","[503, 526, 484, 172, 9, 582, 649, 645]","[293, 44, 768, 770, 712, 490, 527, 162]"
200,"[634, 597, 535, 754, 75, 710, 481, 421]","[291, 477, 630, 299, 594, 744, 302, 618]","[440, 530, 302, 713, 499, 535, 509, 603]","[628, 195, 258, 108, 402, 400, 579, 92]","[333, 660, 755, 194, 492, 198, 13, 554]","[715, 453, 184, 429, 496, 665, 79, 175]","[120, 575, 624, 496, 40, 780, 637, 502]","[437, 529, 295, 711, 495, 538, 514, 607]","[797, 701, 563, 476, 284, 575, 693, 20]","[797, 470, 197, 606, 272, 590, 510, 365]","[456, 526, 194, 768, 171, 236, 645, 286]","[465, 186, 770, 490, 768, 445, 749, 528]"
